0.000	0.231
0.025	0.231
0.050	0.231
0.075	0.231
0.100	0.231
0.125	0.231
0.150	0.231
0.175	0.231
0.200	0.231
0.225	0.231
0.250	0.231
0.275	0.231
0.300	0.231
0.325	0.231
0.350	0.231
0.375	0.231
0.400	0.231
0.425	0.231
0.450	0.231
0.475	0.231
0.500	0.231
0.525	0.231
0.550	0.231
0.575	0.231
0.600	0.231
0.625	0.231
0.650	0.231
0.675	0.231
0.700	0.231
0.725	0.231
0.750	0.231
0.775	0.231
0.800	0.231
0.825	0.231
0.850	0.231
0.875	0.231
0.900	0.231
0.925	0.231
0.950	0.231
0.975	0.231
1.000	0.231
1.025	0.231
1.050	0.231
1.075	0.231
1.100	0.231
1.125	0.231
1.150	0.231
1.175	0.231
1.200	0.231
1.225	0.231
1.250	0.231
1.275	0.231
1.300	0.231
1.325	0.231
1.350	0.231
1.375	0.231
1.400	0.231
1.425	0.231
1.450	0.231
1.475	0.231
1.500	0.231
1.525	0.231
1.550	0.231
1.575	0.231
1.600	0.231
1.625	0.231
1.650	0.231
1.675	0.231
1.700	0.231
1.725	0.231
1.750	0.231
1.775	0.231
1.800	0.231
1.825	0.231
1.850	0.231
1.875	-6.917
1.900	-6.751
1.925	-6.585
1.950	-5.255
1.975	-4.091
2.000	-3.260
2.025	-2.263
2.050	-1.265
2.075	-0.268
2.100	0.065
2.125	-0.102
2.150	0.065
2.175	-0.102
2.200	-0.102
2.225	-0.102
2.250	-0.102
2.275	0.065
2.300	-0.102
2.325	0.065
2.350	-0.102
2.375	-0.102
2.400	-0.102
2.425	-0.102
2.450	0.065
2.475	0.065
2.500	-0.102
2.525	-0.102
2.550	0.065
2.575	-0.102
2.600	-0.102
2.625	-0.102
2.650	0.065
2.675	-0.268
2.700	0.065
2.725	0.065
2.750	0.065
2.775	-0.102
2.800	-0.268
2.825	0.065
2.850	0.065
2.875	-0.268
2.900	0.065
2.925	0.065
2.950	-0.268
2.975	0.231
3.000	-0.102
3.025	-0.102
3.050	-0.102
3.075	-0.102
3.100	-0.102
3.125	0.065
3.150	-0.102
3.175	-0.102
3.200	-0.102
3.225	0.065
3.250	-0.102
3.275	-0.102
3.300	-0.102
3.325	0.065
3.350	-0.102
3.375	-0.102
3.400	-0.102
3.425	0.065
3.450	-0.102
3.475	-0.102
3.500	-0.102
3.525	0.065
3.550	-0.102
3.575	-0.102
3.600	-0.102
3.625	0.065
3.650	-0.102
3.675	-0.268
3.700	0.065
3.725	-0.102
3.750	0.065
3.775	-0.102
3.800	-0.102
3.825	0.065
3.850	0.065
3.875	-0.102
3.900	-0.268
3.925	-0.102
3.950	0.065
3.975	0.065
4.000	0.065
4.025	-0.102
4.050	-0.102
4.075	-0.102
4.100	-0.102
4.125	-0.102
4.150	-0.102
4.175	-0.102
4.200	0.065
4.225	-0.102
4.250	-0.102
4.275	0.065
4.300	0.065
4.325	-0.102
4.350	-0.102
4.375	-0.102
4.400	-0.102
4.425	0.065
4.450	0.065
4.475	-0.268
4.500	-0.102
4.525	0.065
4.550	0.065
4.575	-0.102
4.600	-0.102
4.625	-0.102
4.650	-0.102
4.675	0.065
4.700	-0.102
4.725	-0.268
4.750	0.065
4.775	0.065
4.800	0.065
4.825	-0.102
4.850	0.065
4.875	-0.102
4.900	-0.268
4.925	0.065
4.950	0.065
4.975	-0.102
5.000	-0.102
5.025	-0.268
5.050	0.065
5.075	0.231
5.100	-0.268
5.125	-0.102
5.150	0.065
5.175	-0.102
5.200	-0.102
5.225	0.065
5.250	-0.102
5.275	0.065
5.300	-0.268
5.325	0.065
5.350	0.065
5.375	0.065
5.400	-0.102
5.425	-0.268
5.450	-0.102
5.475	0.065
5.500	0.065
5.525	-0.102
5.550	-0.102
5.575	0.065
5.600	-0.102
5.625	0.065
5.650	-0.102
5.675	-0.268
5.700	0.065
5.725	-0.102
5.750	-0.102
5.775	0.065
5.800	-0.102
5.825	0.065
5.850	-0.102
5.875	-0.102
5.900	0.065
5.925	-0.102
5.950	-0.102
5.975	-0.102
6.000	-0.102
6.025	0.065
6.050	-0.102
6.075	-0.102
6.100	-0.102
6.125	-0.102
6.150	0.065
6.175	0.065
6.200	-0.102
6.225	-0.102
6.250	-0.102
6.275	-0.102
6.300	-0.102
6.325	0.065
6.350	-0.102
6.375	-0.102
6.400	0.065
6.425	-0.102
6.450	0.065
6.475	-0.268
6.500	-0.102
6.525	0.065
6.550	0.065
6.575	-0.102
6.600	-0.102
6.625	-0.102
6.650	-0.102
6.675	0.065
6.700	-0.102
6.725	-0.102
6.750	-0.102
6.775	-0.102
6.800	0.065
6.825	0.065
6.850	-0.102
6.875	-0.268
6.900	-0.102
6.925	-0.102
6.950	0.231
6.975	0.065
7.000	-0.102
7.025	-0.102
7.050	-0.268
7.075	-0.102
7.100	-0.102
7.125	0.231
7.150	-0.268
7.175	0.065
7.200	0.065
7.225	-0.102
7.250	-0.102
7.275	-0.102
7.300	-0.102
7.325	0.065
7.350	-0.268
7.375	-0.102
7.400	0.231
7.425	-0.102
7.450	0.065
7.475	-0.102
7.500	-0.102
7.525	-0.102
7.550	-0.102
7.575	-0.102
7.600	-0.102
7.625	0.065
7.650	-0.268
7.675	0.065
7.700	0.065
7.725	-0.268
7.750	0.065
7.775	-0.102
7.800	0.065
7.825	-0.102
7.850	-0.102
7.875	-0.102
7.900	0.065
7.925	-0.102
7.950	0.065
7.975	-0.102
8.000	-0.268
8.025	0.231
8.050	0.065
8.075	-0.102
8.100	-0.102
8.125	-0.102
8.150	-0.102
8.175	-0.102
8.200	-0.102
8.225	0.065
8.250	-0.102
8.275	-0.102
8.300	-0.102
8.325	0.065
8.350	-0.102
8.375	-0.102
8.400	-0.102
8.425	0.065
8.450	-0.268
8.475	0.065
8.500	0.065
8.525	-0.102
8.550	-0.102
8.575	-0.102
