0.000	-0.102
0.025	-0.102
0.050	-0.102
0.075	-0.102
0.100	-0.102
0.125	-0.102
0.150	-0.102
0.175	-0.102
0.200	-0.102
0.225	-0.102
0.250	-0.102
0.275	-0.102
0.300	-0.102
0.325	-0.102
0.350	-0.102
0.375	-0.102
0.400	-0.102
0.425	-0.102
0.450	-0.102
0.475	-0.102
0.500	-0.102
0.525	-0.102
0.550	-0.102
0.575	-0.102
0.600	-0.102
0.625	-0.102
0.650	-0.102
0.675	-0.102
0.700	-0.102
0.725	-0.102
0.750	-0.102
0.775	-0.102
0.800	-0.102
0.825	-0.102
0.850	-0.102
0.875	-0.102
0.900	-0.102
0.925	-0.102
0.950	-0.102
0.975	-0.102
1.000	-0.102
1.025	-0.102
1.050	-0.102
1.075	-0.102
1.100	-0.102
1.125	-0.102
1.150	-0.102
1.175	-0.102
1.200	-0.102
1.225	-0.102
1.250	-0.102
1.275	-0.102
1.300	-0.102
1.325	-0.102
1.350	-0.102
1.375	-0.102
1.400	-0.102
1.425	-0.102
1.450	-0.102
1.475	-0.102
1.500	-0.102
1.525	-0.102
1.550	-0.102
1.575	-0.102
1.600	-0.102
1.625	-0.102
1.650	-0.102
1.675	-0.102
1.700	-0.102
1.725	-0.102
1.750	-0.102
1.775	-0.102
1.800	-0.102
1.825	-0.102
1.850	-0.102
1.875	-0.102
1.900	-0.102
1.925	-0.102
1.950	-0.102
1.975	-0.102
2.000	-0.102
2.025	-0.102
2.050	-0.102
2.075	-0.102
2.100	-0.102
2.125	-0.102
2.150	-0.102
2.175	-0.102
2.200	-3.094
2.225	-2.429
2.250	-1.265
2.275	-0.268
2.300	0.231
2.325	0.065
2.350	-0.102
2.375	-0.102
2.400	-0.102
2.425	0.065
2.450	-0.102
2.475	-0.102
2.500	0.231
2.525	-0.102
2.550	-0.102
2.575	-0.102
2.600	-0.102
2.625	0.065
2.650	0.065
2.675	-0.102
2.700	-0.268
2.725	0.065
2.750	0.065
2.775	-0.102
2.800	0.065
2.825	0.065
2.850	-0.268
2.875	0.065
2.900	0.065
2.925	0.065
2.950	-0.102
2.975	-0.268
3.000	0.065
3.025	0.065
3.050	0.065
3.075	-0.102
3.100	-0.268
3.125	0.065
3.150	0.065
3.175	0.065
3.200	-0.102
3.225	-0.102
3.250	-0.102
3.275	-0.102
3.300	0.231
3.325	-0.102
3.350	-0.268
3.375	0.065
3.400	-0.102
3.425	0.231
3.450	-0.102
3.475	-0.268
3.500	0.065
3.525	0.065
3.550	0.065
3.575	-0.268
3.600	0.065
3.625	-0.102
3.650	0.065
3.675	-0.102
3.700	0.065
3.725	0.065
3.750	-0.102
3.775	-0.102
3.800	-0.102
3.825	-0.102
3.850	0.065
3.875	0.065
3.900	-0.102
3.925	-0.268
3.950	0.065
3.975	0.065
4.000	0.065
4.025	-0.102
4.050	-0.102
4.075	0.065
4.100	0.065
4.125	-0.102
4.150	0.065
4.175	-0.102
4.200	-0.268
4.225	0.231
4.250	-0.102
4.275	-0.268
4.300	0.231
4.325	0.065
4.350	-0.268
4.375	0.065
4.400	0.065
4.425	-0.102
4.450	-0.102
4.475	-0.102
4.500	0.065
4.525	-0.102
4.550	-0.102
4.575	-0.102
4.600	0.065
4.625	0.065
4.650	-0.268
4.675	0.065
4.700	0.065
4.725	-0.102
4.750	-0.268
4.775	0.065
4.800	0.065
4.825	0.065
4.850	-0.102
4.875	-0.102
4.900	0.065
4.925	0.065
4.950	-0.268
4.975	0.065
5.000	-0.102
5.025	0.065
5.050	0.065
5.075	-0.102
5.100	-0.102
5.125	0.065
5.150	-0.102
5.175	-0.102
5.200	0.065
5.225	-0.102
5.250	-0.102
5.275	0.065
5.300	-0.102
5.325	-0.268
5.350	0.065
5.375	0.231
5.400	-0.102
5.425	-0.102
5.450	-0.102
5.475	-0.102
5.500	0.065
5.525	0.065
5.550	-0.102
5.575	-0.102
5.600	-0.102
5.625	0.065
