0.000	0.065
0.025	0.065
0.050	0.065
0.075	0.065
0.100	0.065
0.125	0.065
0.150	0.065
0.175	0.065
0.200	0.065
0.225	0.065
0.250	0.065
0.275	0.065
0.300	0.065
0.325	0.065
0.350	0.065
0.375	0.065
0.400	0.065
0.425	0.065
0.450	0.065
0.475	0.065
0.500	0.065
0.525	0.065
0.550	0.065
0.575	0.065
0.600	0.065
0.625	0.065
0.650	0.065
0.675	0.065
0.700	0.065
0.725	0.065
0.750	0.065
0.775	0.065
0.800	0.065
0.825	0.065
0.850	0.065
0.875	0.065
0.900	0.065
0.925	0.065
0.950	0.065
0.975	0.065
1.000	0.065
1.025	0.065
1.050	0.065
1.075	0.065
1.100	0.065
1.125	0.065
1.150	0.065
1.175	0.065
1.200	0.065
1.225	0.065
1.250	0.065
1.275	0.065
1.300	0.065
1.325	0.065
1.350	0.065
1.375	0.065
1.400	0.065
1.425	0.065
1.450	0.065
1.475	0.065
1.500	0.065
1.525	-2.429
1.550	-1.764
1.575	-0.600
1.600	0.065
1.625	0.231
1.650	-0.268
1.675	-0.102
1.700	-0.102
1.725	0.065
1.750	-0.268
1.775	-0.102
1.800	0.231
1.825	-0.102
1.850	-0.268
1.875	0.065
1.900	0.231
1.925	-0.102
1.950	-0.268
1.975	0.065
2.000	0.231
2.025	-0.268
2.050	-0.102
2.075	0.065
2.100	-0.102
2.125	-0.102
2.150	0.065
2.175	0.065
2.200	-0.102
2.225	-0.102
2.250	0.065
2.275	0.065
2.300	-0.102
2.325	-0.102
2.350	0.065
2.375	0.065
2.400	-0.268
2.425	-0.268
2.450	0.231
2.475	0.065
2.500	0.065
2.525	-0.268
2.550	0.065
2.575	0.065
2.600	0.065
2.625	-0.268
2.650	0.065
2.675	0.065
2.700	-0.268
2.725	0.065
2.750	0.231
2.775	-0.102
2.800	-0.102
2.825	-0.102
2.850	0.065
2.875	-0.102
2.900	0.065
2.925	-0.102
2.950	-0.102
2.975	-0.102
3.000	0.065
3.025	0.065
3.050	-0.102
3.075	-0.102
3.100	0.231
3.125	-0.102
3.150	-0.268
3.175	0.231
3.200	-0.102
3.225	-0.102
3.250	-0.102
3.275	0.065
3.300	-0.102
3.325	0.065
3.350	0.065
3.375	-0.268
3.400	0.065
3.425	0.065
3.450	0.065
3.475	-0.102
3.500	-0.102
3.525	-0.102
3.550	0.065
3.575	-0.102
3.600	-0.102
3.625	0.065
3.650	0.065
3.675	-0.102
3.700	-0.102
3.725	0.065
3.750	0.065
3.775	-0.268
3.800	0.065
3.825	0.065
3.850	-0.102
3.875	0.065
3.900	-0.102
3.925	-0.102
3.950	0.065
3.975	0.231
4.000	-0.268
4.025	-0.268
4.050	0.065
4.075	0.231
