0.000	-0.163
0.050	-0.163
0.100	-0.163
0.150	-0.163
0.200	-0.163
0.250	-0.163
0.300	-0.163
0.350	-0.163
0.400	-0.163
0.450	-0.163
0.500	-0.163
0.550	-0.163
0.600	-0.163
0.650	-0.163
0.700	-0.163
0.750	-0.163
0.800	-0.163
0.850	-0.163
0.900	-0.163
0.950	-0.163
1.000	-0.163
1.050	-0.163
1.100	-0.163
1.150	-0.163
1.200	-0.163
1.250	-0.163
1.300	-0.163
1.350	-0.163
1.400	-0.163
1.450	-0.163
1.500	-0.163
1.550	-0.163
1.600	-0.163
1.650	-0.163
1.700	-0.163
1.750	-0.163
1.800	-0.163
1.850	-0.163
1.900	-0.163
1.950	-0.163
2.000	-0.163
2.050	-0.163
2.100	-0.163
2.150	-0.163
2.200	-0.163
2.250	-0.163
2.300	-0.163
2.350	-0.163
2.400	-0.163
2.450	-0.163
2.500	-0.163
2.550	-0.163
2.600	-0.163
2.650	-0.163
2.700	-0.163
2.750	-0.163
2.800	-0.163
2.850	-0.163
2.900	-0.163
2.950	-0.163
3.000	-0.163
3.050	-0.163
3.100	-0.163
3.150	-0.163
3.200	-0.163
3.250	-0.163
3.300	-0.163
3.350	-0.163
3.400	-0.163
3.450	-0.163
3.500	-0.163
3.550	-0.163
3.600	-0.163
3.650	-0.163
3.700	-0.163
3.750	-0.163
3.800	-0.163
3.850	-0.163
3.900	-0.163
3.950	-0.163
4.000	-0.163
4.050	-0.163
4.100	-0.163
4.150	-0.163
4.200	-0.163
4.250	-0.163
4.300	-0.163
4.350	-0.163
4.400	-0.163
4.450	-0.163
4.500	-0.163
4.550	-0.163
4.600	-0.163
4.650	-0.163
4.700	-0.163
4.750	-0.163
4.800	-0.163
4.850	-0.163
4.900	-0.163
4.950	-0.163
5.000	-0.163
5.050	-0.163
5.100	-0.163
5.150	-0.163
5.200	-0.163
5.250	-0.163
5.300	-0.163
5.350	-0.163
5.400	-0.163
5.450	-0.163
5.500	-0.163
5.550	-0.163
5.600	-0.163
5.650	-0.163
5.700	-0.163
5.750	-0.163
5.800	-0.163
5.850	-0.163
5.900	-9.231
5.950	-9.231
6.000	-8.882
6.050	-8.708
6.100	-8.359
6.150	-7.661
6.200	-7.313
6.250	-6.789
6.300	-6.441
6.350	-5.917
6.400	-5.394
6.450	-5.046
6.500	-4.174
6.550	-3.825
6.600	-3.127
6.650	-2.779
6.700	-2.081
6.750	-1.558
6.800	-1.035
6.850	-0.512
6.900	0.186
6.950	0.360
7.000	0.360
7.050	0.186
7.100	-0.337
7.150	-0.512
7.200	-0.512
7.250	0.012
7.300	0.186
7.350	0.186
7.400	0.012
7.450	-0.337
7.500	-0.163
7.550	0.012
7.600	0.186
7.650	0.012
7.700	-0.163
7.750	0.012
7.800	0.186
7.850	0.012
7.900	-0.337
7.950	-0.163
8.000	-0.163
8.050	0.186
8.100	0.186
8.150	-0.163
8.200	-0.163
8.250	-0.163
8.300	0.012
8.350	0.186
8.400	0.012
8.450	-0.163
8.500	-0.163
8.550	0.186
8.600	0.186
8.650	-0.163
8.700	-0.163
8.750	0.012
8.800	0.012
8.850	0.012
8.900	-0.163
8.950	-0.163
9.000	0.186
9.050	0.186
9.100	-0.163
9.150	-0.337
9.200	0.012
9.250	0.186
9.300	0.012
9.350	-0.163
9.400	-0.163
9.450	0.186
9.500	0.012
9.550	-0.163
9.600	-0.163
9.650	0.186
9.700	0.186
9.750	-0.163
9.800	-0.337
9.850	-0.163
9.900	0.186
9.950	0.186
10.000	-0.163
10.050	-0.163
10.100	0.012
10.150	0.012
10.200	0.012
10.250	0.012
10.300	-0.163
10.350	0.012
10.400	0.012
10.450	0.012
10.500	0.012
10.550	0.012
10.600	-0.163
10.650	0.012
10.700	0.186
10.750	-0.163
10.800	-0.163
10.850	0.012
10.900	0.186
10.950	-0.163
11.000	0.012
11.050	0.012
11.100	-0.163
11.150	-0.163
11.200	0.012
11.250	0.186
11.300	0.012
11.350	-0.163
11.400	0.012
11.450	0.186
11.500	0.012
11.550	-0.337
11.600	-0.163
11.650	0.012
11.700	0.012
11.750	0.012
11.800	0.012
11.850	0.012
11.900	0.012
11.950	0.012
12.000	-0.163
12.050	0.186
12.100	-0.163
12.150	0.012
12.200	0.012
12.250	-0.163
12.300	0.012
12.350	0.186
12.400	-0.163
12.450	-0.163
12.500	0.012
12.550	0.186
12.600	-0.163
12.650	0.012
12.700	0.012
12.750	-0.163
12.800	0.012
12.850	0.012
12.900	0.012
12.950	0.012
13.000	0.012
13.050	-0.163
13.100	0.012
13.150	0.012
13.200	-0.163
13.250	0.012
13.300	0.012
13.350	0.012
13.400	0.186
13.450	-0.163
13.500	-0.163
13.550	0.012
13.600	0.186
13.650	-0.163
13.700	-0.163
13.750	0.012
13.800	0.186
13.850	0.012
13.900	-0.163
13.950	-0.163
14.000	0.012
14.050	0.186
14.100	0.012
14.150	-0.163
14.200	0.012
14.250	-0.163
14.300	0.012
14.350	0.012
14.400	0.012
14.450	0.012
14.500	0.012
14.550	-0.163
14.600	0.012
14.650	0.012
14.700	0.186
14.750	-0.163
14.800	-0.163
14.850	0.012
14.900	0.012
14.950	0.012
15.000	0.012
15.050	0.012
15.100	0.012
15.150	-0.163
15.200	0.012
15.250	0.012
15.300	0.012
15.350	-0.163
15.400	0.012
15.450	0.012
15.500	0.012
15.550	0.012
15.600	0.012
15.650	-0.163
15.700	0.012
15.750	0.012
15.800	0.012
15.850	0.012
15.900	-0.163
15.950	0.012
16.000	0.012
16.050	0.012
16.100	0.186
16.150	0.012
16.200	-0.337
16.250	-0.163
16.300	0.186
16.350	0.186
16.400	-0.163
16.450	-0.337
16.500	-0.163
16.550	0.186
16.600	0.186
16.650	0.012
16.700	-0.337
16.750	-0.163
16.800	0.012
16.850	0.186
16.900	0.186
16.950	-0.163
17.000	-0.337
17.050	-0.163
17.100	0.012
17.150	0.186
17.200	0.012
17.250	-0.163
17.300	0.012
17.350	0.012
17.400	0.012
17.450	0.012
17.500	0.012
17.550	-0.163
17.600	0.012
17.650	0.012
17.700	0.012
17.750	-0.163
17.800	0.012
17.850	0.012
17.900	0.012
17.950	0.012
18.000	0.012
18.050	-0.163
18.100	0.012
18.150	0.012
18.200	0.012
18.250	0.012
18.300	-0.163
18.350	0.012
18.400	0.186
18.450	-0.163
18.500	-0.163
18.550	0.012
18.600	0.012
18.650	0.012
18.700	0.186
18.750	-0.163
18.800	0.012
18.850	0.012
18.900	-0.163
18.950	0.012
19.000	0.012
19.050	0.012
19.100	-0.163
19.150	0.012
19.200	-0.163
19.250	0.012
19.300	0.186
19.350	0.012
19.400	-0.163
19.450	-0.163
19.500	0.012
19.550	0.012
19.600	0.012
19.650	0.012
19.700	0.012
19.750	0.012
19.800	0.012
19.850	-0.163
19.900	-0.163
19.950	0.012
20.000	0.360
20.050	0.186
20.100	-0.337
20.150	-0.512
20.200	-0.337
20.250	0.012
20.300	0.360
20.350	0.012
20.400	-0.163
20.450	-0.163
20.500	0.012
20.550	0.186
20.600	0.012
20.650	-0.163
20.700	-0.163
20.750	0.012
20.800	0.186
20.850	0.012
20.900	-0.337
20.950	-0.163
21.000	0.186
21.050	0.012
21.100	-0.163
21.150	0.012
21.200	0.186
21.250	-0.163
21.300	-0.163
21.350	0.012
21.400	0.186
21.450	0.012
21.500	-0.337
21.550	-0.163
21.600	0.012
21.650	0.012
21.700	0.012
21.750	0.012
21.800	0.012
21.850	0.012
21.900	0.012
21.950	-0.163
22.000	0.012
22.050	0.186
22.100	0.012
22.150	-0.163
22.200	0.012
22.250	-0.163
22.300	0.012
22.350	0.012
22.400	0.012
22.450	0.012
22.500	0.012
22.550	-0.163
22.600	-0.163
22.650	0.186
22.700	0.012
22.750	0.012
22.800	-0.163
22.850	-0.163
22.900	0.186
22.950	0.186
23.000	-0.163
23.050	-0.337
23.100	-0.163
23.150	0.012
23.200	0.360
23.250	0.012
23.300	-0.163
23.350	-0.163
23.400	0.012
23.450	0.012
23.500	0.186
23.550	-0.163
23.600	0.012
23.650	0.012
23.700	-0.163
23.750	-0.163
23.800	0.012
23.850	0.186
23.900	0.012
23.950	0.012
24.000	-0.163
24.050	0.012
24.100	0.012
24.150	0.012
24.200	0.012
24.250	0.012
24.300	-0.163
24.350	0.012
24.400	0.012
24.450	0.012
24.500	-0.163
24.550	0.012
24.600	0.012
24.650	0.012
24.700	0.012
24.750	0.012
24.800	0.012
24.850	-0.163
24.900	0.012
24.950	0.012
25.000	-0.163
25.050	0.186
25.100	0.012
25.150	-0.163
25.200	-0.163
25.250	0.012
25.300	0.186
25.350	0.012
25.400	-0.163
25.450	0.012
25.500	0.012
25.550	0.012
25.600	-0.163
25.650	0.012
25.700	0.012
25.750	0.012
25.800	0.012
25.850	0.012
25.900	-0.163
25.950	0.012
26.000	0.186
26.050	0.012
26.100	-0.163
26.150	-0.163
26.200	-0.163
26.250	0.186
26.300	0.186
26.350	-0.163
26.400	-0.337
26.450	0.012
26.500	0.186
26.550	0.012
26.600	0.012
26.650	-0.163
26.700	-0.163
26.750	0.012
26.800	0.360
26.850	0.012
26.900	-0.337
26.950	-0.163
27.000	-0.163
27.050	0.012
27.100	0.186
27.150	0.012
27.200	-0.163
27.250	-0.163
27.300	0.012
27.350	0.186
27.400	0.012
27.450	-0.163
27.500	-0.163
27.550	0.012
27.600	0.186
27.650	0.012
27.700	-0.163
27.750	-0.163
27.800	0.012
27.850	0.186
27.900	0.012
27.950	-0.163
28.000	-0.163
28.050	0.012
28.100	0.012
28.150	0.012
28.200	0.012
28.250	0.012
28.300	0.012
28.350	0.012
28.400	-0.163
28.450	-0.163
28.500	0.186
28.550	0.186
28.600	-0.163
28.650	-0.163
28.700	0.012
28.750	0.012
28.800	0.012
28.850	0.012
28.900	-0.163
28.950	-0.163
29.000	0.012
29.050	0.186
29.100	0.012
29.150	-0.163
29.200	-0.163
29.250	0.186
29.300	0.012
29.350	0.012
29.400	-0.163
29.450	0.012
29.500	-0.163
29.550	0.186
29.600	0.186
29.650	-0.163
29.700	-0.337
29.750	-0.163
29.800	0.186
29.850	0.012
29.900	0.012
29.950	0.012
30.000	0.012
30.050	0.012
30.100	-0.163
30.150	0.012
30.200	0.012
30.250	-0.163
30.300	0.012
30.350	0.186
30.400	0.012
30.450	-0.337
30.500	-0.163
30.550	0.012
30.600	0.186
30.650	0.012
30.700	0.012
30.750	-0.163
30.800	-0.163
30.850	0.012
30.900	0.186
30.950	0.012
31.000	0.012
31.050	-0.163
31.100	-0.163
31.150	0.186
31.200	0.012
31.250	-0.163
31.300	0.012
31.350	0.012
31.400	-0.163
31.450	0.012
31.500	0.012
31.550	0.012
31.600	0.012
31.650	0.012
31.700	0.012
31.750	-0.163
31.800	0.012
31.850	0.186
