0.000	-143.792
0.025	-100.049
0.050	-6.532
0.075	-55.058
0.100	-2.912
0.125	-0.316
0.150	-29.077
0.175	31.621
0.200	-27.821
0.225	17.367
0.250	10.382
0.275	-20.165
0.300	38.140
0.325	-22.585
0.350	21.488
0.375	15.342
0.400	-18.648
0.425	39.904
0.450	-17.928
0.475	20.952
0.500	18.073
0.525	-19.297
0.550	43.475
0.575	-12.706
0.600	21.763
0.625	18.729
0.650	-21.555
0.675	41.351
0.700	-17.349
0.725	20.154
0.750	22.088
0.775	-21.604
0.800	41.965
0.825	-14.174
0.850	16.831
0.875	22.462
0.900	-24.053
0.925	41.174
0.950	-22.380
0.975	18.334
1.000	20.465
1.025	-23.763
1.050	41.499
1.075	-16.629
1.100	20.056
1.125	26.992
1.150	-20.440
1.175	43.581
1.200	-12.643
1.225	20.493
1.250	23.464
1.275	-19.798
1.300	42.748
1.325	-14.611
1.350	18.651
1.375	20.930
1.400	-20.588
1.425	41.132
1.450	-13.292
1.475	18.193
1.500	24.924
1.525	-19.777
1.550	42.684
1.575	-8.727
1.600	9.881
1.625	29.370
1.650	-18.676
1.675	42.311
1.700	-5.855
1.725	14.756
1.750	25.926
1.775	-17.511
1.800	42.917
1.825	-6.313
1.850	79.200
1.875	122.475
1.900	-6.765
1.925	21.848
1.950	21.770
1.975	21.446
2.000	124.634
2.025	21.904
2.050	21.403
2.075	-12.142
2.100	20.881
2.125	20.825
2.150	21.333
2.175	21.319
2.200	21.326
2.225	21.361
2.250	21.163
2.275	21.100
2.300	20.669
2.325	21.107
2.350	21.770
2.375	20.310
2.400	16.393
2.425	19.724
2.450	19.385
2.475	19.025
2.500	18.320
2.525	18.341
2.550	46.629
2.575	-17.187
2.600	16.203
2.625	15.660
2.650	15.074
2.675	14.354
2.700	-11.387
2.725	12.527
2.750	11.207
2.775	10.953
2.800	9.676
2.825	8.815
2.850	8.011
2.875	6.529
2.900	5.456
2.925	50.086
2.950	2.620
2.975	2.006
3.000	0.256
3.025	-0.640
3.050	-2.094
3.075	-3.166
3.100	6.995
3.125	-5.283
3.150	-5.537
3.175	-6.892
3.200	-41.848
3.225	-8.642
3.250	-9.616
3.275	-9.270
3.300	-10.702
3.325	-14.647
3.350	-11.803
3.375	-12.614
3.400	-12.727
3.425	-13.934
3.450	-14.195
3.475	-14.625
3.500	-15.373
3.525	-15.472
3.550	-16.693
3.575	-16.524
3.600	-16.756
3.625	-17.878
3.650	-17.406
3.675	-18.316
3.700	-18.365
3.725	-21.555
3.750	3.932
3.775	-18.027
3.800	19.272
3.825	-18.182
3.850	-18.097
3.875	-18.401
3.900	-17.533
3.925	-17.716
3.950	-17.307
3.975	-26.367
4.000	-17.279
4.025	-16.368
4.050	-15.987
4.075	-15.014
4.100	-14.837
4.125	-14.513
4.150	-13.313
4.175	-13.384
4.200	-12.756
4.225	-12.346
4.250	-12.727
4.275	-47.388
4.300	-12.283
4.325	-11.789
4.350	-11.429
4.375	-11.344
4.400	-10.561
4.425	40.307
4.450	-14.527
4.475	-9.150
4.500	-9.115
4.525	-8.543
4.550	-8.712
4.575	-8.388
4.600	-7.943
4.625	28.276
4.650	-17.871
4.675	-6.864
4.700	-6.370
4.725	-6.419
4.750	-6.003
4.775	-5.558
4.800	43.616
4.825	-3.971
4.850	-3.399
4.875	-3.547
4.900	-29.091
4.925	-2.447
4.950	-1.289
4.975	-0.513
5.000	-0.090
5.025	0.955
5.050	34.252
5.075	2.655
5.100	3.325
5.125	-8.423
5.150	4.885
5.175	14.171
5.200	6.014
5.225	-9.919
5.250	7.185
5.275	8.307
5.300	8.483
5.325	9.464
5.350	10.389
5.375	10.812
5.400	-20.800
5.425	11.623
5.450	12.668
5.475	12.830
5.500	13.310
5.525	14.227
5.550	14.516
5.575	14.672
5.600	15.152
5.625	14.693
5.650	15.328
5.675	15.180
5.700	15.525
5.725	15.949
5.750	15.420
5.775	15.970
5.800	15.554
5.825	15.554
5.850	15.568
5.875	14.354
5.900	14.933
5.925	14.121
5.950	13.458
5.975	13.585
6.000	12.280
6.025	11.976
6.050	47.405
6.075	11.440
6.100	10.840
6.125	9.824
6.150	9.627
6.175	9.485
6.200	9.119
6.225	8.632
6.250	8.053
6.275	8.321
6.300	14.742
6.325	-1.833
6.350	7.728
6.375	7.390
6.400	7.665
6.425	7.411
6.450	7.566
6.475	7.764
6.500	7.623
6.525	7.884
6.550	7.157
6.575	7.305
6.600	7.446
6.625	6.649
6.650	7.503
6.675	6.741
6.700	6.338
6.725	6.176
6.750	4.765
6.775	5.640
6.800	4.934
6.825	4.708
6.850	4.581
6.875	47.652
6.900	3.608
6.925	28.459
6.950	3.297
6.975	3.382
7.000	2.352
7.025	2.175
7.050	1.957
7.075	1.844
7.100	1.512
7.125	1.237
7.150	1.194
7.175	1.131
7.200	0.863
7.225	1.336
7.250	1.138
7.275	1.597
7.300	1.293
7.325	1.583
7.350	2.408
7.375	1.392
7.400	1.879
7.425	1.837
7.450	1.752
7.475	2.055
7.500	1.681
7.525	2.316
7.550	2.006
7.575	2.175
7.600	2.175
7.625	1.942
7.650	2.020
7.675	1.653
7.700	1.385
7.725	1.547
7.750	0.877
7.775	1.187
7.800	0.976
7.825	0.891
7.850	1.180
7.875	0.411
7.900	0.820
7.925	0.686
7.950	-1.508
7.975	-7.266
8.000	-0.019
8.025	0.432
8.050	-0.323
8.075	-0.330
8.100	0.009
8.125	-0.471
8.150	-0.132
8.175	-0.513
8.200	0.164
8.225	-0.040
8.250	-0.153
8.275	-0.612
8.300	0.178
8.325	-0.196
8.350	-0.097
8.375	-0.076
8.400	-0.153
8.425	-0.323
8.450	0.122
8.475	-0.076
8.500	-0.464
8.525	-0.273
8.550	-0.887
8.575	-0.563
8.600	-0.612
8.625	-1.155
8.650	-1.910
8.675	-1.346
8.700	-0.838
8.725	-0.421
8.750	0.016
8.775	-0.259
8.800	-0.548
8.825	-0.125
8.850	-0.845
8.875	-29.909
8.900	-0.711
8.925	-1.226
8.950	-41.333
8.975	10.198
9.000	-25.795
9.025	-16.883
9.050	-1.360
9.075	-0.908
9.100	-0.697
9.125	-0.647
9.150	0.192
9.175	-0.167
9.200	0.475
9.225	0.468
9.250	0.828
9.275	1.399
9.300	1.089
9.325	1.293
9.350	1.357
9.375	1.060
9.400	1.329
9.425	13.021
9.450	1.103
9.475	0.976
9.500	0.334
9.525	0.538
9.550	-0.217
9.575	0.009
9.600	-1.332
9.625	-1.233
9.650	-36.620
9.675	-0.231
9.700	-0.605
9.725	-0.795
9.750	-27.207
9.775	-1.042
9.800	-0.852
9.825	0.058
9.850	0.362
9.875	-0.076
9.900	0.284
9.925	-0.344
9.950	0.178
9.975	-0.076
10.000	-0.266
10.025	-0.090
10.050	-0.492
10.075	0.454
10.100	-0.146
10.125	-0.245
10.150	-0.922
10.175	-0.810
10.200	-0.337
10.225	42.346
10.250	-0.880
10.275	-0.739
10.300	-1.635
10.325	-1.374
10.350	-1.310
10.375	-1.254
10.400	-27.122
10.425	-1.452
10.450	-0.591
10.475	-0.598
10.500	-0.132
10.525	0.256
10.550	0.037
10.575	0.828
10.600	1.371
10.625	1.272
10.650	1.448
10.675	0.884
10.700	1.575
10.725	1.660
10.750	1.378
10.775	1.321
10.800	0.891
10.825	1.082
10.850	3.234
10.875	0.517
10.900	0.411
10.925	-0.054
10.950	0.305
10.975	-0.047
11.000	-0.132
11.025	0.489
11.050	-0.111
11.075	0.178
11.100	0.037
11.125	0.065
11.150	0.171
11.175	0.030
11.200	0.312
11.225	0.362
11.250	-0.337
11.275	0.319
11.300	-0.196
11.325	0.256
11.350	-0.478
11.375	-0.047
11.400	-0.203
11.425	0.023
11.450	0.383
11.475	-0.294
11.500	-0.005
11.525	0.228
11.550	-0.047
11.575	-0.273
11.600	-0.146
11.625	-0.231
11.650	0.136
11.675	-0.358
11.700	-0.287
11.725	-0.309
11.750	-0.294
11.775	-0.457
11.800	-0.718
11.825	-0.718
11.850	-0.428
11.875	-0.485
11.900	0.150
11.925	-0.520
11.950	-0.203
11.975	-0.450
12.000	-0.132
12.025	0.559
12.050	-0.541
12.075	-0.111
12.100	0.023
12.125	-0.407
12.150	-0.139
12.175	-0.358
12.200	0.214
12.225	-0.697
12.250	-0.570
12.275	-0.090
12.300	-0.845
12.325	-0.146
12.350	-0.668
12.375	-0.788
12.400	-0.471
12.425	-0.929
12.450	0.023
12.475	-0.471
12.500	-0.471
12.525	-0.238
12.550	-0.781
12.575	-0.386
12.600	-0.189
12.625	-0.570
12.650	-0.090
12.675	-0.563
12.700	0.051
12.725	-0.358
12.750	-0.450
12.775	-0.436
12.800	-0.598
12.825	-0.485
12.850	-0.682
12.875	-0.824
12.900	-0.548
12.925	-0.563
12.950	-0.541
12.975	-0.612
13.000	-0.810
13.025	-0.005
13.050	-0.718
13.075	-0.626
13.100	-0.929
13.125	-0.795
13.150	-0.421
13.175	-0.845
13.200	-0.344
13.225	-0.661
13.250	-0.513
13.275	-0.351
13.300	-0.407
13.325	-0.005
13.350	-0.167
13.375	-0.167
13.400	0.178
13.425	-0.428
13.450	0.341
13.475	-0.019
13.500	-0.083
13.525	0.037
13.550	-0.400
13.575	0.087
13.600	-0.210
13.625	-0.506
13.650	-0.146
13.675	-0.563
13.700	0.030
13.725	-0.605
13.750	-0.795
13.775	-0.471
13.800	-0.640
13.825	-0.386
13.850	-0.668
13.875	-0.570
13.900	0.136
13.925	-0.407
13.950	-0.139
13.975	-0.450
14.000	-0.153
14.025	0.164
14.050	-0.259
14.075	-0.210
14.100	-0.457
14.125	-0.273
14.150	-0.153
14.175	-0.464
14.200	-0.457
14.225	-0.379
14.250	-0.598
14.275	-0.097
14.300	-0.626
14.325	-0.421
14.350	-0.492
14.375	-0.259
14.400	-0.026
14.425	-0.301
14.450	0.094
14.475	0.051
14.500	-0.330
14.525	-0.682
14.550	-0.443
14.575	-0.309
14.600	27.980
14.625	-0.767
14.650	-0.358
14.675	-0.972
14.700	-0.711
14.725	46.904
14.750	1.251
14.775	-3.999
14.800	-0.605
14.825	-0.358
14.850	-0.316
14.875	-0.520
14.900	0.341
14.925	0.207
14.950	0.672
14.975	0.926
15.000	1.484
15.025	11.433
15.050	1.978
15.075	2.761
15.100	11.736
15.125	3.057
15.150	-4.309
15.175	3.523
15.200	3.876
15.225	4.045
15.250	4.327
15.275	4.927
15.300	4.603
15.325	-34.129
15.350	5.040
15.375	5.407
15.400	5.696
15.425	5.358
15.450	5.830
15.475	5.421
15.500	5.555
15.525	5.449
15.550	5.167
15.575	21.057
15.600	5.400
15.625	5.118
15.650	4.786
15.675	4.356
15.700	-26.155
15.725	15.010
15.750	2.281
15.775	2.775
15.800	2.323
15.825	2.323
15.850	2.020
15.875	2.098
15.900	1.830
15.925	1.815
15.950	1.942
15.975	31.028
16.000	1.625
16.025	1.632
16.050	1.456
16.075	1.434
16.100	1.583
16.125	1.434
16.150	1.611
16.175	1.427
16.200	1.590
16.225	1.851
16.250	6.938
16.275	2.380
16.300	2.203
16.325	2.662
16.350	2.295
16.375	2.549
16.400	3.015
16.425	2.472
16.450	-13.228
16.475	23.823
16.500	3.234
16.525	3.488
16.550	3.276
16.575	-31.172
16.600	3.551
16.625	3.615
16.650	4.581
16.675	4.433
16.700	4.927
16.725	5.463
16.750	5.675
16.775	6.628
16.800	6.557
16.825	6.726
16.850	5.964
16.875	7.072
16.900	7.771
16.925	7.213
16.950	7.425
16.975	7.587
17.000	7.573
17.025	7.658
17.050	7.270
17.075	7.460
17.100	7.263
17.125	6.741
17.150	6.783
17.175	6.374
17.200	5.908
17.225	6.000
17.250	5.343
17.275	5.294
17.300	56.768
17.325	5.139
17.350	4.384
17.375	4.193
17.400	4.066
17.425	3.269
17.450	3.354
17.475	16.259
17.500	3.601
17.525	4.179
17.550	3.354
17.575	3.234
17.600	3.198
17.625	-10.237
17.650	3.763
17.675	3.283
17.700	3.692
17.725	4.271
17.750	4.327
17.775	5.365
17.800	5.428
17.825	6.197
17.850	6.585
17.875	6.134
17.900	7.058
17.925	6.564
17.950	7.115
17.975	7.044
18.000	6.465
18.025	6.776
18.050	5.760
18.075	6.536
18.100	6.176
18.125	6.197
18.150	5.993
18.175	5.583
18.200	5.555
18.225	5.287
18.250	4.878
18.275	4.814
18.300	4.095
18.325	4.306
18.350	4.102
18.375	-24.088
18.400	-29.253
18.425	2.599
18.450	2.888
18.475	2.831
18.500	2.366
18.525	2.937
18.550	2.380
18.575	2.606
18.600	2.634
18.625	2.726
18.650	2.782
18.675	2.338
18.700	2.288
18.725	2.076
18.750	1.378
18.775	1.448
18.800	0.482
18.825	0.686
18.850	0.348
18.875	0.192
18.900	0.164
18.925	-0.492
18.950	-0.217
18.975	-0.189
19.000	-0.555
19.025	-0.309
19.050	-0.979
19.075	-0.859
19.100	-1.028
19.125	-1.198
19.150	-0.421
19.175	-0.548
19.200	-0.555
19.225	-0.584
19.250	-0.824
19.275	-0.069
19.300	-0.428
19.325	0.439
19.350	-0.294
19.375	0.009
19.400	0.242
19.425	-0.090
19.450	-0.125
19.475	-0.125
19.500	-0.132
19.525	0.510
19.550	0.058
19.575	-0.132
19.600	0.143
19.625	0.023
19.650	0.482
19.675	0.249
19.700	0.143
19.725	0.524
19.750	0.771
19.775	0.454
19.800	0.574
19.825	0.574
19.850	0.524
19.875	-0.005
19.900	0.221
19.925	-0.436
19.950	-0.563
19.975	-1.064
20.000	-1.014
20.025	-0.929
20.050	-0.831
20.075	-0.802
20.100	-0.499
20.125	-0.852
20.150	-0.351
20.175	-0.520
20.200	-0.252
20.225	-0.104
20.250	-0.238
20.275	0.101
20.300	-0.118
20.325	0.192
20.350	22.335
20.375	0.475
20.400	0.545
20.425	-0.076
20.450	0.242
20.475	0.164
20.500	-0.323
20.525	0.538
20.550	-0.118
20.575	-0.083
20.600	0.468
20.625	0.461
20.650	0.750
20.675	0.468
20.700	1.272
20.725	1.477
20.750	1.413
20.775	1.822
20.800	1.752
20.825	1.710
20.850	1.949
20.875	1.082
20.900	1.632
20.925	1.032
20.950	0.962
20.975	0.919
21.000	0.482
21.025	-4.796
21.050	0.341
21.075	0.073
21.100	0.312
21.125	0.009
21.150	0.545
21.175	0.270
21.200	0.581
21.225	0.538
21.250	0.080
21.275	0.348
21.300	-0.174
21.325	0.002
21.350	0.087
21.375	0.016
21.400	0.051
21.425	-0.203
21.450	0.263
21.475	0.503
21.500	0.348
21.525	0.849
21.550	46.890
21.575	0.764
21.600	0.461
21.625	-1.748
21.650	0.157
21.675	-0.817
21.700	-0.400
21.725	-1.007
21.750	-0.859
21.775	-0.400
21.800	-0.661
21.825	-0.647
21.850	-0.428
21.875	-0.217
21.900	0.030
21.925	-0.076
21.950	-0.203
21.975	-0.203
22.000	-0.428
22.025	-0.146
22.050	-0.492
22.075	0.073
22.100	0.037
22.125	-0.428
22.150	-0.182
22.175	-0.174
22.200	-0.033
22.225	-0.654
22.250	-0.838
22.275	-0.492
22.300	-0.450
22.325	-0.252
22.350	-0.005
22.375	-1.028
22.400	-0.795
22.425	-0.577
22.450	-0.421
22.475	0.016
22.500	-0.196
22.525	0.073
22.550	0.249
22.575	-0.167
22.600	0.207
22.625	-0.753
22.650	-0.344
22.675	-0.584
22.700	-0.788
22.725	-0.584
22.750	-1.176
22.775	-0.682
22.800	-1.261
22.825	-1.212
22.850	-0.993
22.875	-1.021
22.900	-0.831
22.925	-0.866
22.950	-0.393
22.975	-0.400
23.000	-0.457
23.025	-0.301
23.050	-0.478
23.075	-0.076
23.100	-8.099
23.125	36.433
23.150	1.025
23.175	0.813
23.200	0.023
23.225	0.129
23.250	0.348
23.275	0.242
23.300	0.538
23.325	0.898
23.350	1.336
23.375	1.279
23.400	1.512
23.425	2.126
23.450	2.366
23.475	2.916
23.500	2.521
23.525	-23.481
23.550	2.923
23.575	2.803
23.600	-14.329
23.625	39.516
23.650	-16.255
23.675	7.947
23.700	2.874
23.725	3.311
23.750	3.234
23.775	3.191
23.800	3.325
23.825	3.241
23.850	4.356
23.875	4.080
23.900	4.257
23.925	4.377
23.950	4.059
23.975	3.862
24.000	3.551
24.025	3.770
24.050	3.572
24.075	3.149
24.100	3.551
24.125	2.789
24.150	-2.080
24.175	6.931
24.200	2.916
24.225	3.191
24.250	2.754
24.275	2.613
24.300	2.690
24.325	7.820
24.350	-26.268
24.375	39.700
24.400	-10.152
24.425	4.603
24.450	13.585
24.475	-25.873
24.500	38.133
24.525	-10.469
24.550	2.507
24.575	2.690
24.600	2.923
24.625	2.563
24.650	2.507
24.675	2.669
24.700	2.168
24.725	2.154
24.750	1.992
24.775	1.808
24.800	1.844
24.825	1.618
24.850	0.926
24.875	0.976
24.900	1.463
24.925	0.877
24.950	1.053
24.975	0.806
25.000	1.011
25.025	1.293
25.050	1.575
25.075	0.806
25.100	1.194
25.125	1.039
25.150	1.166
25.175	0.919
25.200	1.110
25.225	1.145
25.250	0.701
25.275	0.757
25.300	1.138
25.325	0.588
25.350	0.884
25.375	0.778
25.400	0.609
25.425	0.905
25.450	0.397
25.475	0.701
25.500	0.397
25.525	0.446
25.550	0.651
25.575	0.856
25.600	1.441
25.625	1.484
25.650	1.526
25.675	1.618
25.700	1.152
25.725	1.667
25.750	1.456
25.775	1.223
25.800	1.194
25.825	0.411
25.850	0.764
25.875	-1.282
25.900	0.044
25.925	-0.132
25.950	-0.527
25.975	-0.217
26.000	-0.196
26.025	-0.273
26.050	-0.400
26.075	-0.428
26.100	-0.527
26.125	-0.810
26.150	-1.127
26.175	-0.400
26.200	-0.499
26.225	-0.174
26.250	0.065
26.275	0.044
26.300	0.531
26.325	0.214
26.350	0.588
26.375	0.955
26.400	-0.005
26.425	0.390
26.450	-0.266
26.475	0.058
26.500	-0.266
26.525	-0.781
26.550	-0.358
26.575	-0.951
26.600	-0.929
26.625	-0.252
26.650	-0.365
26.675	0.327
26.700	0.143
26.725	0.256
26.750	0.489
26.775	0.080
26.800	0.305
26.825	-0.189
26.850	0.023
26.875	-0.104
26.900	-0.605
26.925	-0.485
26.950	-1.303
26.975	-0.690
27.000	0.037
27.025	-0.979
27.050	-0.866
27.075	-0.873
27.100	-0.753
27.125	-0.428
27.150	-0.386
27.175	0.080
27.200	-0.266
27.225	-0.421
27.250	-0.132
27.275	-0.443
27.300	-0.273
27.325	-0.097
27.350	0.256
27.375	0.503
27.400	-0.019
27.425	0.566
27.450	0.376
27.475	0.242
27.500	0.475
27.525	-0.330
27.550	-0.062
27.575	-0.464
27.600	-0.450
27.625	-0.316
27.650	-0.802
27.675	-0.527
27.700	-0.301
27.725	0.136
27.750	-0.026
27.775	-0.069
27.800	0.249
27.825	-0.344
27.850	-0.704
27.875	-1.162
27.900	-1.191
27.925	-0.767
27.950	-0.753
27.975	-0.704
28.000	-0.217
28.025	-0.541
28.050	-0.541
28.075	-0.464
28.100	-0.471
28.125	-0.443
28.150	-0.944
28.175	0.009
28.200	-0.436
28.225	-0.697
28.250	-0.682
28.275	-0.598
28.300	-0.076
28.325	0.044
28.350	-0.090
28.375	0.319
28.400	-0.245
28.425	-0.026
28.450	-0.238
28.475	-0.393
28.500	-0.640
28.525	-1.318
28.550	-1.247
28.575	-1.536
28.600	19.851
28.625	-30.939
28.650	-1.677
28.675	-1.381
28.700	-1.459
28.725	-1.233
28.750	-0.711
28.775	-0.471
28.800	0.058
28.825	0.404
28.850	0.249
28.875	0.778
28.900	-0.139
28.925	-0.054
28.950	-0.104
28.975	-0.485
29.000	-0.083
29.025	-0.972
29.050	-0.309
29.075	-0.400
29.100	-0.591
29.125	-0.485
29.150	-0.337
29.175	-0.436
29.200	-0.400
29.225	-1.028
29.250	-0.266
29.275	-0.471
29.300	-0.167
29.325	0.101
29.350	-0.132
29.375	-0.026
29.400	-0.097
29.425	-0.337
29.450	-0.182
29.475	-0.781
29.500	-0.478
29.525	-0.958
29.550	-1.106
29.575	-0.979
29.600	-0.704
29.625	-0.732
29.650	-0.471
29.675	-0.294
29.700	0.200
29.725	-0.090
29.750	0.214
29.775	-0.309
29.800	-0.464
29.825	-0.407
29.850	-0.866
29.875	-0.831
29.900	-1.487
29.925	-1.974
29.950	-1.656
29.975	-1.875
30.000	-1.056
30.025	-0.965
30.050	-0.824
30.075	-0.457
30.100	-1.275
30.125	-0.393
30.150	-0.344
30.175	-0.217
30.200	-0.097
30.225	-0.189
30.250	-0.266
30.275	-0.661
30.300	-0.824
30.325	-0.506
30.350	-1.240
30.375	-0.471
30.400	-0.725
30.425	-0.471
30.450	0.207
30.475	-0.054
30.500	0.058
30.525	0.475
30.550	0.178
30.575	0.672
30.600	0.348
30.625	0.425
30.650	0.327
30.675	0.277
30.700	0.461
30.725	-0.231
30.750	-0.238
30.775	-0.019
30.800	-0.372
30.825	0.185
30.850	-0.555
30.875	0.270
30.900	0.327
30.925	0.270
30.950	0.799
30.975	0.630
31.000	0.581
31.025	0.545
31.050	14.375
31.075	0.390
31.100	-0.118
31.125	0.425
31.150	1.039
31.175	0.037
31.200	0.221
31.225	0.192
31.250	0.425
31.275	0.581
31.300	0.341
31.325	1.117
31.350	0.715
31.375	0.750
31.400	1.067
31.425	0.884
31.450	1.364
31.475	1.392
31.500	1.343
31.525	1.053
31.550	1.561
31.575	1.484
31.600	1.314
31.625	1.879
31.650	2.211
31.675	1.858
31.700	1.964
31.725	2.006
31.750	1.632
31.775	1.844
31.800	1.300
31.825	1.794
31.850	1.533
31.875	1.272
31.900	2.415
31.925	1.547
31.950	2.288
31.975	1.801
32.000	1.858
32.025	2.182
32.050	1.265
32.075	1.653
32.100	1.456
32.125	1.343
32.150	1.096
32.175	1.526
32.200	1.385
32.225	1.611
32.250	1.865
32.275	1.935
32.300	1.957
32.325	2.232
32.350	2.267
32.375	1.851
32.400	2.415
32.425	1.731
32.450	1.695
32.475	0.969
32.500	0.489
32.525	1.293
32.550	1.138
32.575	1.554
32.600	1.477
32.625	1.329
32.650	1.858
32.675	1.364
32.700	1.921
32.725	1.957
32.750	2.034
32.775	2.309
32.800	1.794
32.825	2.542
32.850	1.971
32.875	2.203
32.900	2.549
32.925	2.168
32.950	2.592
32.975	2.394
33.000	1.837
33.025	1.632
33.050	2.027
33.075	1.202
33.100	0.644
33.125	0.940
33.150	0.849
33.175	0.566
33.200	1.018
33.225	1.124
33.250	1.470
33.275	1.681
33.300	1.618
33.325	1.844
33.350	2.168
33.375	17.043
33.400	-27.475
33.425	1.173
33.450	1.314
33.475	1.152
33.500	0.425
33.525	1.216
33.550	0.933
33.575	0.856
33.600	0.531
33.625	-0.485
33.650	-0.174
33.675	-0.979
33.700	-1.409
33.725	-19.861
33.750	-3.025
33.775	-2.390
33.800	-2.665
33.825	-2.552
33.850	-3.131
33.875	-13.673
33.900	-3.138
33.925	-3.731
33.950	-3.505
33.975	-3.752
34.000	-4.331
34.025	-3.491
34.050	-4.366
34.075	-4.662
34.100	-4.288
34.125	-5.135
34.150	-4.345
34.175	-5.382
34.200	-5.777
34.225	-5.763
34.250	-5.918
34.275	-5.537
34.300	-5.565
34.325	-5.608
34.350	-5.078
34.375	-5.939
34.400	-5.410
34.425	-5.241
34.450	-5.509
34.475	-5.318
34.500	-5.347
34.525	-48.594
34.550	-5.086
34.575	-4.733
34.600	-3.921
34.625	-3.815
34.650	-3.124
34.675	-2.997
34.700	-2.948
34.725	-2.439
34.750	19.950
34.775	-1.296
34.800	16.125
34.825	-0.845
34.850	-0.104
34.875	-0.682
34.900	-0.337
34.925	-0.090
34.950	-0.146
34.975	-0.019
35.000	-0.259
35.025	0.009
35.050	0.503
35.075	0.665
35.100	1.484
35.125	1.766
35.150	2.366
35.175	2.853
35.200	8.660
35.225	3.953
35.250	3.198
35.275	-20.680
35.300	10.367
35.325	5.111
35.350	4.130
35.375	3.735
35.400	3.770
35.425	3.692
35.450	3.855
35.475	4.158
35.500	4.003
35.525	4.200
35.550	3.960
35.575	3.558
35.600	3.749
35.625	3.227
35.650	3.149
35.675	3.403
35.700	19.075
35.725	3.664
35.750	3.467
35.775	3.213
35.800	3.114
35.825	2.839
35.850	-38.010
35.875	32.171
35.900	2.726
35.925	2.853
35.950	3.050
35.975	3.989
36.000	3.855
36.025	4.299
36.050	4.793
36.075	4.497
36.100	5.562
36.125	5.400
36.150	5.421
36.175	5.633
36.200	5.823
36.225	5.986
36.250	6.134
36.275	5.717
36.300	6.240
36.325	5.499
36.350	5.576
36.375	5.280
36.400	5.019
36.425	5.118
36.450	4.694
36.475	4.800
36.500	4.214
36.525	4.045
36.550	3.735
36.575	24.522
36.600	3.205
36.625	21.968
36.650	2.810
36.675	2.690
36.700	1.830
36.725	2.592
36.750	1.858
36.775	1.448
36.800	2.281
36.825	2.196
36.850	2.712
36.875	2.860
36.900	2.846
36.925	-19.261
36.950	2.225
36.975	2.768
37.000	35.198
37.025	-18.083
37.050	3.791
37.075	3.509
37.100	3.551
37.125	3.481
37.150	7.256
37.175	3.565
37.200	3.332
37.225	-26.988
37.250	2.486
37.275	2.133
37.300	1.900
37.325	1.103
37.350	-2.701
37.375	1.202
37.400	0.510
37.425	0.715
37.450	-0.563
37.475	-0.718
37.500	-0.979
37.525	-2.016
37.550	-2.334
37.575	-3.343
37.600	-3.590
37.625	-3.978
37.650	-4.514
37.675	-54.458
37.700	-5.121
37.725	-5.043
37.750	-5.114
37.775	-6.003
37.800	-5.897
37.825	-6.384
37.850	-6.292
37.875	-6.497
37.900	39.142
37.925	-5.798
37.950	-6.673
37.975	-16.658
38.000	-7.181
38.025	-7.273
38.050	-6.151
38.075	-6.716
38.100	-6.779
38.125	-6.737
38.150	37.731
38.175	-27.094
38.200	-5.890
38.225	-5.890
38.250	-5.269
38.275	-5.594
38.300	-4.789
38.325	-5.354
38.350	-4.824
38.375	-4.422
38.400	-4.556
38.425	-3.745
38.450	-3.004
38.475	-2.242
38.500	-18.676
38.525	40.448
38.550	-0.570
38.575	-0.471
38.600	-0.217
38.625	0.637
38.650	-0.436
38.675	0.602
38.700	0.940
38.725	0.785
38.750	1.801
38.775	1.724
38.800	2.577
38.825	41.697
38.850	-20.539
38.875	3.523
38.900	3.290
38.925	4.490
38.950	45.909
38.975	-18.760
39.000	5.760
39.025	5.019
39.050	5.647
39.075	5.633
39.100	5.252
39.125	5.428
39.150	5.012
39.175	5.252
39.200	4.927
39.225	5.167
39.250	5.365
39.275	5.231
39.300	5.463
39.325	5.456
39.350	4.645
39.375	5.033
39.400	4.631
39.425	5.118
39.450	5.040
39.475	4.765
39.500	4.758
39.525	4.087
39.550	3.996
39.575	3.354
39.600	0.651
39.625	3.509
39.650	30.675
39.675	-23.770
39.700	2.966
39.725	2.592
39.750	2.747
39.775	2.316
39.800	2.366
39.825	2.521
39.850	1.978
39.875	2.740
39.900	2.154
39.925	2.577
39.950	2.415
39.975	1.646
40.000	2.062
40.025	0.701
40.050	0.962
40.075	0.390
40.100	0.439
40.125	0.926
40.150	0.327
40.175	0.538
40.200	-10.321
40.225	28.812
40.250	-25.633
40.275	-0.012
40.300	-11.620
40.325	0.094
40.350	-0.019
40.375	0.129
40.400	-0.358
40.425	0.200
40.450	2.457
40.475	0.623
40.500	0.856
40.525	0.418
40.550	0.207
40.575	0.087
40.600	-0.626
40.625	-0.492
40.650	-0.407
40.675	-0.189
40.700	-0.167
40.725	-0.160
40.750	0.073
40.775	-0.316
40.800	-0.358
40.825	0.037
40.850	-0.259
40.875	0.242
40.900	-0.174
40.925	0.150
40.950	0.355
40.975	-0.104
41.000	0.016
41.025	38.345
41.050	-0.301
41.075	-0.443
41.100	25.305
41.125	-0.238
41.150	-0.372
41.175	-0.414
41.200	-0.217
41.225	-0.993
41.250	-0.358
41.275	31.733
41.300	0.348
41.325	0.644
41.350	0.524
41.375	0.778
41.400	1.060
41.425	1.209
41.450	1.526
41.475	1.780
41.500	2.211
41.525	10.247
41.550	-19.755
41.575	3.812
41.600	4.102
41.625	4.948
41.650	5.428
41.675	5.456
41.700	6.035
41.725	5.880
41.750	6.148
41.775	6.719
41.800	6.839
41.825	7.390
41.850	7.058
41.875	7.143
41.900	6.719
41.925	6.649
41.950	6.487
41.975	3.417
42.000	6.374
42.025	5.788
42.050	5.689
42.075	5.478
42.100	5.231
42.125	5.061
42.150	4.800
42.175	4.271
42.200	4.793
42.225	4.151
42.250	4.073
42.275	4.151
42.300	3.692
42.325	8.095
42.350	3.213
42.375	3.262
42.400	1.822
42.425	-10.406
42.450	2.733
42.475	2.232
42.500	2.585
42.525	2.556
42.550	1.463
42.575	1.879
42.600	1.738
42.625	1.815
42.650	1.808
42.675	1.667
42.700	2.450
42.725	2.013
42.750	2.366
42.775	2.295
42.800	2.105
42.825	2.147
42.850	28.643
42.875	1.957
42.900	1.893
42.925	1.314
42.950	1.702
42.975	1.096
43.000	1.053
43.025	1.166
43.050	1.216
43.075	0.898
43.100	1.110
43.125	1.512
43.150	14.601
43.175	1.710
43.200	2.020
43.225	1.456
43.250	1.928
43.275	1.625
43.300	1.632
43.325	2.408
43.350	2.309
43.375	2.648
43.400	2.980
43.425	2.098
43.450	-20.503
43.475	2.429
43.500	2.761
43.525	-1.628
43.550	3.629
43.575	3.904
43.600	4.109
43.625	4.433
43.650	4.906
43.675	4.927
43.700	5.181
43.725	4.694
43.750	5.315
43.775	5.696
43.800	4.962
43.825	5.336
43.850	4.969
43.875	4.779
43.900	4.920
43.925	3.721
43.950	4.744
43.975	4.200
44.000	4.250
44.025	4.257
44.050	3.650
44.075	3.798
44.100	3.241
44.125	3.594
44.150	3.417
44.175	43.171
44.200	-21.865
44.225	21.700
44.250	-9.411
44.275	3.629
44.300	2.916
44.325	3.601
44.350	3.438
44.375	3.474
44.400	3.848
44.425	2.740
44.450	-22.648
44.475	29.588
44.500	2.323
44.525	2.394
44.550	2.175
44.575	2.203
44.600	2.027
44.625	1.688
44.650	1.900
44.675	1.138
44.700	1.533
44.725	1.216
44.750	1.004
44.775	2.105
44.800	1.942
44.825	2.599
44.850	2.761
44.875	23.372
44.900	-9.418
44.925	3.184
44.950	3.488
44.975	3.586
45.000	3.756
45.025	3.551
45.050	47.581
45.075	3.290
45.100	2.592
45.125	2.457
45.150	1.745
45.175	1.547
45.200	1.688
45.225	1.067
45.250	1.096
45.275	1.477
45.300	0.813
45.325	1.300
45.350	1.378
45.375	1.314
45.400	1.695
45.425	1.350
45.450	1.463
45.475	1.597
45.500	1.251
45.525	2.034
45.550	1.357
45.575	2.048
45.600	2.196
45.625	1.872
45.650	2.105
45.675	1.808
45.700	2.041
45.725	1.674
45.750	2.076
45.775	2.613
45.800	2.366
45.825	2.620
45.850	2.662
45.875	2.634
45.900	3.107
45.925	2.457
45.950	2.719
45.975	2.359
46.000	1.985
46.025	2.196
46.050	1.441
46.075	1.575
46.100	1.173
46.125	0.905
46.150	1.258
46.175	1.096
46.200	1.209
46.225	1.477
46.250	1.392
46.275	2.020
46.300	1.512
46.325	1.702
46.350	1.279
46.375	0.976
46.400	1.025
46.425	0.207
46.450	0.679
46.475	0.708
46.500	0.559
46.525	0.997
46.550	0.602
46.575	0.658
46.600	0.390
46.625	0.602
46.650	1.131
46.675	0.926
46.700	1.067
46.725	0.983
46.750	0.574
46.775	0.708
46.800	0.214
46.825	0.757
46.850	0.990
46.875	0.792
46.900	1.060
46.925	1.110
46.950	0.969
46.975	0.969
47.000	1.166
47.025	1.110
47.050	1.166
47.075	1.343
47.100	1.357
47.125	1.053
47.150	1.272
47.175	0.616
47.200	1.145
47.225	1.223
47.250	1.082
47.275	1.456
47.300	1.004
47.325	0.919
47.350	0.743
47.375	0.672
47.400	0.693
47.425	0.602
47.450	0.510
47.475	0.856
47.500	0.376
47.525	0.743
47.550	0.171
47.575	0.249
47.600	0.792
47.625	0.602
47.650	1.053
47.675	1.138
47.700	0.722
47.725	0.545
47.750	0.813
47.775	1.343
47.800	0.454
47.825	0.729
47.850	0.581
47.875	0.087
47.900	0.510
47.925	-0.054
47.950	0.002
47.975	0.263
48.000	0.073
48.025	0.750
48.050	0.835
48.075	0.475
48.100	0.672
48.125	0.051
48.150	0.249
48.175	0.164
48.200	0.214
48.225	0.566
48.250	0.341
48.275	0.672
48.300	0.461
48.325	0.609
48.350	0.404
48.375	0.319
48.400	0.672
48.425	0.574
48.450	0.263
48.475	0.425
48.500	-0.330
48.525	-0.436
48.550	-1.727
48.575	0.065
48.600	0.143
48.625	-0.287
48.650	-0.309
48.675	0.101
48.700	0.545
48.725	1.209
48.750	1.032
48.775	1.448
48.800	1.724
48.825	2.055
48.850	1.971
48.875	1.928
48.900	1.780
48.925	1.957
48.950	1.646
48.975	2.133
49.000	1.244
49.025	1.653
49.050	1.406
49.075	1.173
49.100	1.773
49.125	1.667
49.150	2.006
49.175	1.872
49.200	1.618
49.225	1.519
49.250	1.258
49.275	1.089
49.300	1.420
49.325	1.279
49.350	1.900
49.375	1.794
49.400	1.688
49.425	2.168
49.450	1.237
49.475	2.161
49.500	1.766
49.525	1.865
49.550	1.434
49.575	1.053
49.600	1.117
49.625	1.202
49.650	1.272
49.675	1.463
49.700	0.856
49.725	0.962
49.750	0.905
49.775	0.334
49.800	0.757
49.825	0.475
49.850	0.863
49.875	0.425
49.900	0.531
49.925	0.348
49.950	0.390
49.975	0.736
50.000	0.616
50.025	0.644
50.050	0.686
50.075	-0.104
50.100	0.454
50.125	0.482
50.150	-0.330
50.175	0.461
50.200	-0.076
50.225	-0.189
50.250	-0.012
50.275	-0.132
50.300	0.651
50.325	0.242
50.350	0.983
50.375	0.856
50.400	0.813
50.425	0.771
50.450	0.849
50.475	1.117
50.500	1.223
50.525	1.025
50.550	1.427
50.575	0.362
50.600	0.679
50.625	0.200
50.650	0.411
50.675	0.150
50.700	0.192
50.725	0.545
50.750	-0.097
50.775	0.312
50.800	0.263
50.825	0.545
50.850	0.644
50.875	0.080
50.900	0.094
50.925	0.327
50.950	16.231
50.975	-0.443
51.000	-0.457
51.025	-0.372
51.050	-0.033
51.075	-0.111
51.100	-0.259
51.125	-0.160
51.150	0.164
51.175	0.658
51.200	0.150
51.225	0.863
51.250	0.503
51.275	0.439
51.300	1.032
51.325	0.856
51.350	1.096
51.375	1.477
51.400	1.350
51.425	1.625
51.450	1.152
51.475	1.321
51.500	1.745
51.525	1.491
51.550	1.688
51.575	1.886
51.600	1.625
51.625	1.618
51.650	1.533
51.675	2.006
51.700	1.406
51.725	1.646
51.750	1.526
51.775	0.955
51.800	1.258
51.825	1.145
51.850	1.441
51.875	1.244
51.900	1.039
51.925	1.103
51.950	1.039
51.975	1.364
52.000	1.406
52.025	0.828
52.050	1.279
52.075	0.214
52.100	0.277
52.125	0.185
52.150	0.263
52.175	0.475
52.200	-0.033
52.225	-30.911
52.250	-0.266
52.275	0.037
52.300	0.531
52.325	29.285
52.350	0.771
52.375	1.004
52.400	-0.196
52.425	1.046
52.450	0.058
52.475	0.581
52.500	1.124
52.525	0.609
52.550	1.371
52.575	1.124
52.600	1.343
52.625	2.112
52.650	2.069
52.675	2.895
52.700	31.959
52.725	2.775
52.750	2.740
52.775	2.853
52.800	3.417
52.825	3.057
52.850	3.128
52.875	3.022
52.900	2.613
52.925	-38.080
52.950	2.944
52.975	3.452
53.000	3.960
53.025	3.749
53.050	4.144
53.075	4.645
53.100	-19.875
53.125	5.365
53.150	5.209
53.175	5.633
53.200	5.308
53.225	5.569
53.250	5.485
53.275	5.619
53.300	5.979
53.325	5.209
53.350	5.647
53.375	5.202
53.400	5.499
53.425	5.188
53.450	4.730
53.475	4.539
53.500	4.186
53.525	3.530
53.550	-25.527
53.575	2.634
53.600	-13.553
53.625	2.542
53.650	1.752
53.675	1.865
53.700	1.801
53.725	2.225
53.750	1.844
53.775	1.590
53.800	1.879
53.825	1.752
53.850	2.034
53.875	1.964
53.900	1.053
53.925	1.695
53.950	53.438
53.975	1.039
54.000	1.187
54.025	0.722
54.050	0.715
54.075	-0.062
54.100	0.009
54.125	-0.372
54.150	-0.810
54.175	0.058
54.200	22.130
54.225	0.058
54.250	-0.019
54.275	-0.097
54.300	0.425
54.325	23.894
54.350	0.588
54.375	0.940
54.400	0.171
54.425	0.870
54.450	0.446
54.475	1.632
54.500	1.949
54.525	1.985
54.550	3.227
54.575	3.029
54.600	3.544
54.625	4.596
54.650	5.026
54.675	5.816
54.700	5.668
54.725	6.035
54.750	6.832
54.775	6.959
54.800	7.637
54.825	63.091
54.850	-12.629
54.875	13.176
54.900	24.684
54.925	-21.900
54.950	40.448
54.975	-8.818
55.000	4.504
55.025	6.698
55.050	7.256
55.075	7.122
55.100	7.079
55.125	6.945
55.150	6.402
55.175	6.197
55.200	5.506
55.225	5.379
55.250	5.485
55.275	4.878
55.300	5.012
55.325	4.469
55.350	4.313
55.375	4.581
55.400	4.264
55.425	4.440
55.450	3.890
55.475	3.777
55.500	3.918
55.525	3.551
55.550	4.454
55.575	22.440
55.600	3.650
55.625	3.721
55.650	2.330
55.675	-26.586
55.700	2.408
55.725	2.493
55.750	2.239
55.775	1.844
55.800	2.133
55.825	1.858
55.850	2.239
55.875	2.634
55.900	2.323
55.925	2.330
55.950	2.295
55.975	1.780
56.000	2.196
56.025	1.667
56.050	-14.195
56.075	0.771
56.100	0.581
56.125	1.202
56.150	0.856
56.175	1.032
56.200	0.884
56.225	0.701
56.250	1.180
56.275	0.715
56.300	0.919
56.325	0.623
56.350	0.334
56.375	0.023
56.400	44.667
56.425	-0.069
56.450	0.009
56.475	-0.259
56.500	-0.217
56.525	-0.802
56.550	-0.675
56.575	-0.245
56.600	-0.739
56.625	-0.019
56.650	-0.139
56.675	0.207
56.700	0.122
56.725	0.877
56.750	1.879
56.775	1.456
56.800	1.844
56.825	1.886
56.850	2.323
56.875	-33.938
56.900	31.769
56.925	2.909
56.950	2.620
56.975	2.493
57.000	3.297
57.025	23.774
57.050	-30.241
57.075	2.761
57.100	2.585
57.125	3.290
57.150	3.107
57.175	-5.805
57.200	3.657
57.225	3.459
57.250	4.250
57.275	3.833
57.300	3.198
57.325	3.685
57.350	3.276
57.375	-33.127
57.400	2.768
57.425	-27.856
57.450	-2.016
57.475	2.239
57.500	2.105
57.525	1.752
57.550	1.399
57.575	1.914
57.600	1.752
57.625	1.646
57.650	1.413
57.675	1.039
57.700	0.757
57.725	0.538
57.750	0.729
57.775	-0.090
57.800	0.073
57.825	-0.563
57.850	-0.993
57.875	-0.393
57.900	-1.092
57.925	-1.127
57.950	-0.944
57.975	-1.247
58.000	-0.852
58.025	-1.289
58.050	-1.113
58.075	-1.162
58.100	-0.866
58.125	-0.358
58.150	-0.386
58.175	-0.182
58.200	-0.196
58.225	-0.915
58.250	0.087
58.275	-0.675
58.300	-39.322
58.325	-0.760
58.350	-1.134
58.375	-0.668
58.400	-0.555
58.425	-1.254
58.450	-0.901
58.475	-1.607
58.500	-1.572
58.525	14.679
58.550	-2.475
58.575	-21.893
58.600	-2.990
58.625	-2.616
58.650	-3.632
58.675	-3.237
58.700	-3.364
58.725	-4.006
58.750	-4.041
58.775	-5.488
58.800	-4.980
58.825	-4.902
58.850	-5.431
58.875	-5.438
58.900	-6.215
58.925	-5.706
58.950	-6.080
58.975	-5.714
59.000	-5.798
59.025	-6.306
59.050	-6.236
59.075	-5.968
59.100	-6.215
59.125	-5.135
59.150	-5.205
59.175	-37.629
59.200	-5.198
59.225	-4.810
59.250	-3.667
59.275	-3.688
59.300	-3.138
59.325	-2.651
59.350	-2.369
59.375	-22.451
59.400	-1.931
59.425	-1.755
59.450	-15.620
59.475	-1.607
59.500	-1.085
59.525	-1.169
59.550	-1.106
59.575	-1.028
59.600	-1.078
59.625	-0.570
59.650	-1.056
59.675	-1.191
59.700	-1.438
59.725	-1.847
59.750	-26.946
59.775	-2.178
59.800	-2.087
59.825	-1.974
59.850	24.409
59.875	-1.882
59.900	-1.621
59.925	-1.755
59.950	-1.198
59.975	-1.621
60.000	-22.310
60.025	-1.310
60.050	-1.049
60.075	-1.035
60.100	-0.668
60.125	-0.210
60.150	-0.259
60.175	-0.111
60.200	1.463
60.225	1.018
60.250	-11.521
60.275	1.561
60.300	1.329
60.325	1.625
60.350	1.660
60.375	1.858
60.400	2.055
60.425	1.660
60.450	1.759
60.475	58.801
60.500	2.175
60.525	1.808
60.550	0.609
60.575	0.898
60.600	0.630
60.625	0.877
60.650	0.820
60.675	0.305
60.700	0.545
60.725	0.658
60.750	1.103
60.775	0.976
60.800	0.884
60.825	1.131
60.850	1.293
60.875	1.702
60.900	1.646
60.925	1.448
60.950	1.773
60.975	1.879
61.000	2.084
61.025	2.091
61.050	1.392
61.075	2.048
61.100	1.787
61.125	1.801
61.150	1.759
61.175	1.307
61.200	1.463
61.225	1.096
61.250	1.138
61.275	1.067
61.300	0.764
61.325	0.891
61.350	0.813
61.375	0.736
61.400	0.891
61.425	0.517
61.450	0.658
61.475	0.468
61.500	0.058
61.525	0.348
61.550	0.080
61.575	0.348
61.600	0.002
61.625	-0.132
61.650	0.214
61.675	0.037
61.700	0.799
61.725	0.383
61.750	0.397
61.775	1.096
61.800	0.905
61.825	1.434
61.850	1.117
61.875	1.427
61.900	1.547
61.925	1.279
61.950	1.477
61.975	0.651
62.000	0.609
62.025	0.799
62.050	0.926
62.075	1.300
62.100	0.842
62.125	0.729
62.150	1.180
62.175	0.658
62.200	0.940
62.225	0.249
62.250	0.305
62.275	0.362
62.300	0.037
62.325	0.355
62.350	-0.160
62.375	-0.323
62.400	-0.224
62.425	-0.174
62.450	0.425
62.475	-0.146
62.500	-0.062
62.525	0.298
62.550	0.404
62.575	0.940
62.600	15.095
62.625	0.820
62.650	1.547
62.675	1.230
62.700	1.554
62.725	1.202
62.750	0.856
62.775	0.799
62.800	1.039
62.825	1.512
62.850	1.166
62.875	0.877
62.900	1.971
62.925	0.736
62.950	1.674
62.975	1.357
63.000	1.152
63.025	1.477
63.050	1.957
63.075	2.422
63.100	2.034
63.125	1.646
63.150	2.154
63.175	1.858
63.200	2.098
63.225	1.801
63.250	1.448
63.275	1.731
63.300	1.484
63.325	1.900
63.350	1.498
63.375	1.364
63.400	1.597
63.425	1.625
63.450	1.293
63.475	1.752
63.500	1.223
63.525	1.886
63.550	1.314
63.575	1.815
63.600	1.780
63.625	1.378
63.650	1.681
63.675	1.590
63.700	1.949
63.725	1.745
63.750	1.321
63.775	2.048
63.800	1.724
63.825	1.766
63.850	1.590
63.875	0.997
63.900	1.688
63.925	0.743
63.950	1.272
63.975	1.011
64.000	0.672
64.025	1.547
64.050	1.357
64.075	1.406
64.100	1.618
64.125	1.230
64.150	1.710
64.175	1.858
64.200	1.971
64.225	1.879
64.250	1.575
64.275	1.794
64.300	1.773
64.325	1.787
64.350	1.858
64.375	1.420
64.400	1.498
64.425	1.660
64.450	1.448
64.475	1.639
64.500	0.884
64.525	1.858
64.550	1.604
64.575	1.420
64.600	1.484
64.625	0.743
64.650	1.618
64.675	1.272
64.700	1.378
64.725	1.138
64.750	0.446
64.775	1.378
64.800	1.293
64.825	1.279
64.850	1.279
64.875	1.237
64.900	1.942
64.925	1.611
64.950	1.660
64.975	1.456
65.000	1.597
65.025	2.027
65.050	1.844
65.075	1.717
65.100	2.013
65.125	1.702
65.150	2.281
65.175	1.893
65.200	1.420
65.225	1.837
65.250	0.849
65.275	1.251
65.300	1.371
65.325	0.969
65.350	1.018
65.375	0.693
65.400	1.491
65.425	1.385
65.450	0.312
65.475	1.187
65.500	0.672
65.525	1.837
65.550	1.731
65.575	1.618
65.600	2.154
65.625	1.456
65.650	2.182
65.675	2.225
65.700	1.879
65.725	2.048
65.750	1.844
65.775	2.338
65.800	2.203
65.825	1.519
65.850	2.175
65.875	1.590
65.900	1.844
65.925	1.392
65.950	1.082
65.975	1.618
66.000	1.265
66.025	1.590
66.050	1.477
66.075	1.131
66.100	1.491
66.125	0.983
66.150	1.590
66.175	1.272
66.200	1.364
66.225	1.695
66.250	1.470
66.275	1.470
66.300	1.307
66.325	1.265
66.350	1.272
66.375	1.244
66.400	1.329
66.425	0.877
66.450	1.187
66.475	1.138
66.500	0.757
66.525	0.679
66.550	0.545
66.575	-0.287
66.600	0.503
66.625	-0.139
66.650	0.164
66.675	0.058
66.700	0.644
66.725	-0.979
66.750	0.432
66.775	0.559
66.800	0.799
66.825	0.962
66.850	1.427
66.875	1.018
66.900	1.279
66.925	1.004
66.950	0.785
66.975	1.025
67.000	0.305
67.025	0.785
67.050	0.129
67.075	0.291
67.100	0.503
67.125	0.178
67.150	0.242
67.175	0.115
67.200	0.376
67.225	0.341
67.250	0.411
67.275	0.510
67.300	0.983
67.325	0.969
67.350	0.884
67.375	0.722
67.400	0.545
67.425	1.053
67.450	0.277
67.475	0.905
67.500	0.185
67.525	0.771
67.550	0.912
67.575	0.574
67.600	0.729
67.625	0.898
67.650	0.962
67.675	1.385
67.700	0.630
67.725	0.792
67.750	0.651
67.775	0.891
67.800	1.039
67.825	0.355
67.850	0.672
67.875	0.517
67.900	0.588
67.925	0.813
67.950	-0.513
67.975	0.517
68.000	0.073
68.025	0.312
68.050	0.284
68.075	-0.908
68.100	-24.236
68.125	11.087
68.150	0.037
68.175	0.425
68.200	-0.118
68.225	0.411
68.250	21.876
68.275	-2.863
68.300	-7.372
68.325	35.163
68.350	0.256
68.375	-0.167
68.400	-0.675
68.425	-0.450
68.450	-1.134
68.475	-0.866
68.500	-1.325
68.525	-1.416
68.550	-0.817
68.575	-1.289
68.600	-0.915
68.625	-1.212
68.650	-0.598
68.675	-0.513
68.700	-0.598
68.725	-0.132
68.750	-0.555
68.775	-0.111
68.800	0.228
68.825	-0.040
68.850	0.940
68.875	0.792
68.900	1.060
68.925	1.244
68.950	0.418
68.975	0.933
69.000	0.870
69.025	0.651
69.050	0.686
69.075	0.214
69.100	0.432
69.125	12.202
69.150	-0.118
69.175	-0.097
69.200	-0.647
69.225	-0.160
69.250	-0.555
69.275	-0.732
69.300	-0.527
69.325	-0.697
69.350	-0.189
69.375	-0.309
69.400	-21.992
69.425	0.334
69.450	0.016
69.475	0.785
69.500	0.729
69.525	0.637
69.550	1.166
69.575	1.434
69.600	1.681
69.625	1.519
69.650	1.844
69.675	2.422
69.700	1.837
69.725	1.851
69.750	2.098
69.775	1.413
69.800	2.055
69.825	1.244
69.850	1.639
69.875	35.191
69.900	1.766
69.925	1.583
69.950	0.503
69.975	0.955
70.000	0.997
70.025	0.771
70.050	1.103
70.075	0.870
70.100	1.314
70.125	1.456
70.150	1.223
70.175	1.554
70.200	1.420
70.225	2.055
70.250	2.126
70.275	1.773
70.300	2.577
70.325	2.211
70.350	2.408
70.375	2.260
70.400	1.646
70.425	2.147
70.450	1.702
70.475	1.766
70.500	1.477
70.525	1.787
70.550	1.879
70.575	1.371
70.600	1.385
70.625	1.018
70.650	0.686
70.675	1.385
70.700	1.067
70.725	0.990
70.750	0.997
70.775	0.842
70.800	1.420
70.825	1.434
70.850	1.392
70.875	1.837
70.900	1.886
70.925	2.211
70.950	1.611
70.975	2.203
71.000	2.330
71.025	1.427
71.050	1.844
71.075	1.350
71.100	1.561
71.125	1.674
71.150	1.117
71.175	0.898
71.200	0.228
71.225	-0.174
71.250	0.503
71.275	0.037
71.300	0.461
71.325	0.065
71.350	0.362
71.375	0.757
71.400	0.334
71.425	0.708
71.450	0.672
71.475	0.108
71.500	0.757
71.525	0.150
71.550	0.665
71.575	0.595
71.600	0.178
71.625	0.270
71.650	0.023
71.675	0.263
71.700	0.037
71.725	-0.266
71.750	-0.259
71.775	-0.697
71.800	-0.026
71.825	-0.125
71.850	-0.598
71.875	0.263
71.900	0.228
71.925	0.178
71.950	0.348
71.975	0.482
72.000	1.223
72.025	0.750
72.050	0.736
72.075	1.216
72.100	0.997
72.125	1.448
72.150	0.877
72.175	1.194
72.200	1.209
72.225	0.715
72.250	1.082
72.275	0.813
72.300	0.757
72.325	0.926
72.350	0.341
72.375	0.418
72.400	0.214
72.425	-0.054
72.450	0.122
72.475	-0.485
72.500	-0.309
72.525	-0.259
72.550	-0.266
72.575	0.094
72.600	-0.520
72.625	0.425
72.650	-0.090
72.675	-0.132
72.700	-0.047
72.725	0.037
72.750	0.693
72.775	0.461
72.800	0.877
72.825	1.237
72.850	0.729
72.875	1.046
72.900	0.319
