0.000	-143.792
0.025	-105.073
0.050	-27.489
0.075	-30.262
0.100	-31.596
0.125	20.535
0.150	-38.729
0.175	19.830
0.200	-3.159
0.225	-10.780
0.250	31.578
0.275	-28.618
0.300	23.259
0.325	4.327
0.350	-8.472
0.375	32.884
0.400	-27.108
0.425	26.773
0.450	0.171
0.475	-13.384
0.500	31.105
0.525	-27.687
0.550	20.945
0.575	1.738
0.600	-11.627
0.625	34.768
0.650	-22.627
0.675	23.090
0.700	5.901
0.725	-10.794
0.750	40.060
0.775	-22.719
0.800	26.032
0.825	5.816
0.850	-9.235
0.875	38.056
0.900	-24.095
0.925	25.425
0.950	9.782
0.975	-15.846
1.000	35.120
1.025	-25.880
1.050	22.356
1.075	4.151
1.100	-15.416
1.125	37.075
1.150	-24.864
1.175	22.377
1.200	8.441
1.225	-10.519
1.250	40.412
1.275	-17.427
1.300	28.198
1.325	13.409
1.350	-8.063
1.375	45.077
1.400	-13.348
1.425	31.395
1.450	15.765
1.475	-9.637
1.500	40.843
1.525	-18.266
1.550	23.435
1.575	16.824
1.600	-10.385
1.625	39.036
1.650	-18.034
1.675	26.780
1.700	9.584
1.725	-7.068
1.750	37.893
1.775	-19.586
1.800	18.835
1.825	8.949
1.850	-9.679
1.875	37.343
1.900	-20.539
1.925	20.027
1.950	10.269
1.975	-9.404
2.000	35.868
2.025	-19.600
2.050	19.604
2.075	9.126
2.100	-12.671
2.125	39.876
2.150	-18.408
2.175	15.716
2.200	12.040
2.225	-13.638
2.250	35.600
2.275	22.419
2.300	22.596
2.325	22.299
2.350	23.160
2.375	23.005
2.400	22.934
2.425	23.294
2.450	23.083
2.475	23.104
2.500	22.179
2.525	22.052
2.550	21.149
2.575	21.057
2.600	20.684
2.625	19.907
2.650	19.442
2.675	18.348
2.700	17.367
2.725	17.148
2.750	15.857
2.775	15.250
2.800	14.086
2.825	13.091
2.850	12.068
2.875	11.101
2.900	10.713
2.925	9.521
2.950	8.766
2.975	7.827
3.000	6.988
3.025	6.783
3.050	5.428
3.075	5.386
3.100	5.209
3.125	3.819
3.150	3.459
3.175	2.486
3.200	1.978
3.225	2.323
3.250	1.639
3.275	1.957
3.300	1.166
3.325	0.743
3.350	0.693
3.375	0.235
3.400	0.235
3.425	-0.570
3.450	-0.661
3.475	-0.704
3.500	-1.565
3.525	-0.958
3.550	-1.310
3.575	-1.325
3.600	-1.663
3.625	-2.136
3.650	-2.016
3.675	-1.670
3.700	-1.684
3.725	-1.459
3.750	-1.826
3.775	-1.741
3.800	-1.981
3.825	-1.684
3.850	-0.040
3.875	-1.191
3.900	-0.506
3.925	-1.134
3.950	-0.788
3.975	-0.111
4.000	0.129
4.025	0.178
4.050	0.009
4.075	0.073
4.100	-0.210
4.125	-0.252
4.150	-3.209
4.175	0.009
4.200	-0.125
4.225	-0.316
4.250	-0.887
4.275	-0.492
4.300	-1.007
4.325	-0.182
4.350	-0.287
4.375	-0.330
4.400	-0.111
4.425	-0.203
4.450	0.256
4.475	0.284
4.500	0.263
4.525	0.348
4.550	-0.280
4.575	-0.203
4.600	0.023
4.625	-0.407
4.650	-0.062
4.675	-0.633
4.700	-0.732
4.725	-1.085
4.750	-1.085
4.775	-0.492
4.800	6.578
4.825	-0.668
4.850	-1.085
4.875	-1.677
4.900	-0.993
4.925	-1.247
4.950	-0.760
4.975	-1.056
5.000	-1.310
5.025	-1.092
5.050	-1.579
5.075	-1.183
5.100	-0.859
5.125	30.153
5.150	-0.146
5.175	-0.598
5.200	-0.252
5.225	0.023
5.250	-0.457
5.275	0.136
5.300	-0.189
5.325	-0.005
5.350	0.277
5.375	0.538
5.400	0.969
5.425	0.517
5.450	0.461
5.475	0.743
5.500	0.588
5.525	1.138
5.550	0.588
5.575	0.566
5.600	0.178
5.625	-0.294
5.650	0.369
5.675	-0.076
5.700	0.319
5.725	-0.026
5.750	-0.330
5.775	-0.379
5.800	-0.414
5.825	-0.104
5.850	-0.040
5.875	-0.386
5.900	-0.301
5.925	-0.605
5.950	-0.111
5.975	-0.287
6.000	-0.414
6.025	-0.443
6.050	-0.640
6.075	-0.062
6.100	-0.196
6.125	-0.393
6.150	-0.160
6.175	-0.323
6.200	-0.563
6.225	-0.436
6.250	-0.541
6.275	-0.132
6.300	-0.640
6.325	-0.675
6.350	-0.647
6.375	-1.183
6.400	-0.704
6.425	-0.972
6.450	-1.000
6.475	-1.099
6.500	-1.353
6.525	-0.718
6.550	-1.064
6.575	-0.788
6.600	-1.000
6.625	-1.198
6.650	-0.887
6.675	-1.176
6.700	-0.711
6.725	-0.753
6.750	-0.979
6.775	-0.908
6.800	-0.894
6.825	-0.337
6.850	-0.704
6.875	-0.852
6.900	-0.908
6.925	-1.191
6.950	-0.661
6.975	-0.795
7.000	-0.760
7.025	-0.668
7.050	-0.951
7.075	-0.379
7.100	-0.831
7.125	-0.584
7.150	-0.358
7.175	-1.064
7.200	-0.944
7.225	13.091
7.250	-0.774
7.275	-0.330
7.300	-1.332
7.325	-1.508
7.350	-1.353
7.375	-1.755
7.400	-1.035
7.425	-1.247
7.450	-1.162
7.475	-1.275
7.500	-32.485
7.525	-0.753
7.550	-0.873
7.575	-0.612
7.600	-0.781
7.625	-0.739
7.650	-0.570
7.675	-0.443
7.700	0.192
7.725	-0.189
7.750	-0.527
7.775	-0.464
7.800	-0.937
7.825	-0.372
7.850	-0.668
7.875	-0.979
7.900	-0.810
7.925	-1.183
7.950	-0.273
7.975	-0.802
8.000	-0.831
8.025	-0.612
8.050	-1.049
8.075	-0.266
8.100	-0.760
8.125	-0.690
8.150	-0.774
8.175	-1.183
8.200	-0.492
8.225	-0.894
8.250	-0.555
8.275	-0.506
8.300	-0.746
8.325	-0.280
8.350	-1.064
8.375	-0.584
8.400	-0.506
8.425	-0.619
8.450	-1.071
8.475	-1.430
8.500	-21.872
8.525	-1.035
8.550	-1.487
8.575	-1.113
8.600	-1.381
8.625	-10.053
8.650	-0.555
8.675	-0.866
8.700	-0.358
8.725	-0.753
8.750	-0.922
8.775	-0.330
8.800	-0.485
8.825	-0.196
8.850	-0.682
8.875	-0.894
8.900	-0.527
8.925	-0.986
8.950	-0.647
8.975	-1.268
9.000	-1.459
9.025	18.990
9.050	-1.854
9.075	-1.205
9.100	-1.776
9.125	-48.397
9.150	-1.734
9.175	-1.212
9.200	-0.774
9.225	-0.746
9.250	-0.732
9.275	-0.626
9.300	-0.795
9.325	-0.083
9.350	-0.301
9.375	-0.146
9.400	-0.203
9.425	-0.781
9.450	-0.203
9.475	-0.605
9.500	-17.885
9.525	-1.219
9.550	-0.845
9.575	-0.485
9.600	-0.598
9.625	-0.802
9.650	-0.880
9.675	8.229
9.700	-1.007
9.725	-1.141
9.750	-1.748
9.775	-1.790
9.800	-2.256
9.825	-2.023
9.850	-2.221
9.875	-2.312
9.900	-2.256
9.925	-2.531
9.950	-1.896
9.975	-2.136
10.000	-2.044
10.025	-1.748
10.050	-2.235
10.075	-1.409
10.100	-1.692
10.125	-1.381
10.150	-1.247
10.175	-1.649
10.200	-1.176
10.225	-1.466
10.250	-1.198
10.275	-1.261
10.300	-1.466
10.325	-1.699
10.350	-2.376
10.375	-1.995
10.400	-1.713
10.425	-2.009
10.450	-1.303
10.475	-1.995
10.500	-1.494
10.525	-1.254
10.550	-1.473
10.575	-1.162
10.600	-1.557
10.625	-0.958
10.650	4.723
10.675	-0.922
10.700	-0.626
10.725	-1.339
10.750	-0.866
10.775	-1.014
10.800	-0.788
10.825	-0.647
10.850	-1.049
10.875	-0.626
10.900	-0.817
10.925	-0.760
10.950	-0.570
10.975	-1.014
11.000	-0.619
11.025	-0.831
11.050	-0.675
11.075	-0.598
11.100	-1.078
11.125	-1.106
11.150	-1.198
11.175	-1.205
11.200	-1.021
11.225	-1.614
11.250	-1.346
11.275	-1.621
11.300	-1.445
11.325	-1.226
11.350	-1.183
11.375	-1.346
11.400	-1.028
11.425	-1.155
11.450	-0.619
11.475	-1.064
11.500	-1.113
11.525	-1.162
11.550	-0.817
11.575	-0.774
11.600	-0.915
11.625	-1.021
11.650	-1.120
11.675	-1.466
11.700	-0.852
11.725	-1.240
11.750	-1.226
11.775	-0.626
11.800	-1.395
11.825	-0.485
11.850	-0.753
11.875	-0.824
11.900	16.161
11.925	-0.993
11.950	-0.174
11.975	-0.697
12.000	-0.711
12.025	-0.450
12.050	-0.810
12.075	-0.104
12.100	-0.210
12.125	0.185
12.150	0.461
12.175	0.757
12.200	1.124
12.225	24.381
12.250	1.286
12.275	1.237
12.300	1.124
12.325	1.300
12.350	1.124
12.375	0.651
12.400	0.538
12.425	0.157
12.450	0.856
12.475	0.559
12.500	0.503
12.525	0.574
12.550	0.058
12.575	1.025
12.600	0.475
12.625	0.390
12.650	-0.019
12.675	-0.309
12.700	0.178
12.725	-0.203
12.750	-0.309
12.775	-0.062
12.800	-0.739
12.825	-0.104
12.850	-0.577
12.875	-0.584
12.900	-0.570
12.925	-1.176
12.950	-0.294
12.975	-0.788
13.000	-0.436
13.025	11.616
13.050	-0.746
13.075	-0.139
13.100	-0.584
13.125	-0.231
13.150	-0.316
13.175	-0.697
13.200	0.108
13.225	-0.083
13.250	0.087
13.275	0.101
13.300	0.524
13.325	1.025
13.350	0.771
13.375	0.729
13.400	0.637
13.425	0.609
13.450	1.011
13.475	0.510
13.500	0.312
13.525	0.023
13.550	-0.421
13.575	0.065
13.600	-0.520
13.625	-0.485
13.650	-0.788
13.675	-1.099
13.700	-0.379
13.725	-0.873
13.750	-0.802
13.775	-0.795
13.800	-0.922
13.825	-0.478
13.850	-0.873
13.875	-0.753
13.900	-0.612
13.925	-1.028
13.950	-0.337
13.975	-0.668
14.000	-0.499
14.025	-0.661
14.050	-0.337
14.075	-0.421
14.100	-0.386
14.125	-0.280
14.150	-0.795
14.175	-0.492
14.200	-0.541
14.225	-0.965
14.250	-18.718
14.275	-1.522
14.300	-1.670
14.325	-0.979
14.350	-1.649
14.375	-1.607
14.400	-1.127
14.425	-1.466
14.450	-1.247
14.475	-2.030
14.500	-2.108
14.525	-1.826
14.550	-2.312
14.575	-2.228
14.600	-2.764
14.625	-2.312
14.650	-2.115
14.675	-2.679
14.700	-2.376
14.725	-2.912
14.750	-2.362
14.775	-2.708
14.800	-2.672
14.825	-2.397
14.850	-1.847
14.875	-1.607
14.900	-1.155
14.925	-1.635
14.950	-1.438
14.975	-1.438
15.000	-1.141
15.025	-1.141
15.050	-1.960
15.075	-2.023
15.100	-2.651
15.125	-2.164
15.150	-2.129
15.175	7.616
15.200	-1.621
15.225	-2.701
15.250	-2.376
15.275	6.289
15.300	25.397
15.325	-2.418
15.350	-2.249
15.375	-1.995
15.400	-1.854
15.425	-1.762
15.450	-1.543
15.475	-1.134
15.500	-0.845
15.525	-0.252
15.550	-0.866
15.575	0.390
15.600	0.228
15.625	0.736
15.650	1.187
15.675	0.644
15.700	1.364
15.725	1.082
15.750	1.194
15.775	0.870
15.800	1.089
15.825	1.251
15.850	0.637
15.875	0.729
15.900	0.461
15.925	0.080
15.950	0.341
15.975	-0.280
16.000	-0.146
16.025	-0.047
16.050	-0.372
16.075	-0.231
16.100	-0.513
16.125	-0.485
16.150	-0.372
16.175	-0.541
16.200	-0.443
16.225	-0.492
16.250	-0.421
16.275	-0.393
16.300	-0.795
16.325	-0.414
16.350	11.327
16.375	-0.753
16.400	-0.718
16.425	-1.296
16.450	-0.880
16.475	-1.445
16.500	-8.698
16.525	-0.760
16.550	-0.979
16.575	-0.386
16.600	-0.654
16.625	-0.083
16.650	0.249
16.675	0.263
16.700	0.701
16.725	0.221
16.750	0.842
16.775	-6.066
16.800	14.298
16.825	1.258
16.850	0.806
16.875	1.089
16.900	0.856
16.925	0.143
16.950	0.919
16.975	0.355
17.000	0.672
17.025	0.242
17.050	-0.097
17.075	-17.702
17.100	0.073
17.125	0.016
17.150	0.475
17.175	0.990
17.200	1.336
17.225	1.413
17.250	1.364
17.275	2.288
17.300	1.865
17.325	2.352
17.350	1.886
17.375	1.441
17.400	2.394
17.425	2.154
17.450	1.957
17.475	2.034
17.500	2.387
17.525	1.949
17.550	1.392
17.575	1.639
17.600	1.463
17.625	1.554
17.650	0.686
17.675	0.849
17.700	0.192
17.725	-0.132
17.750	-0.047
17.775	-1.219
17.800	-0.682
17.825	-1.600
17.850	-1.811
17.875	-1.261
17.900	-2.002
17.925	-1.501
17.950	-1.056
17.975	-1.840
18.000	-1.402
18.025	-1.663
18.050	-1.226
18.075	-1.332
18.100	-1.833
18.125	-1.494
18.150	-1.699
18.175	-1.480
18.200	-1.593
18.225	-2.009
18.250	-1.430
18.275	-1.473
18.300	-1.430
18.325	-1.529
18.350	-1.988
18.375	-1.247
18.400	-1.720
18.425	-1.466
18.450	-1.565
18.475	-1.783
18.500	-1.113
18.525	-1.282
18.550	-1.176
18.575	-0.661
18.600	-0.873
18.625	-0.217
18.650	-1.071
18.675	-0.760
18.700	-0.986
18.725	-0.852
18.750	-0.513
18.775	-1.219
18.800	-0.527
18.825	-0.584
18.850	-0.443
18.875	-0.492
18.900	-0.584
18.925	-0.774
18.950	-0.478
18.975	-1.099
19.000	-0.076
19.025	-1.127
19.050	-0.492
19.075	-0.506
19.100	-0.732
19.125	-0.090
19.150	-0.478
19.175	-0.069
19.200	-0.252
19.225	-0.499
19.250	0.136
19.275	-0.167
19.300	0.319
19.325	-0.132
19.350	0.115
19.375	0.489
19.400	0.214
19.425	0.207
19.450	-0.026
19.475	0.122
19.500	0.531
19.525	-0.040
19.550	-0.287
19.575	0.115
19.600	-0.111
19.625	0.037
19.650	-0.647
19.675	0.051
19.700	-0.499
19.725	-0.485
19.750	-0.259
19.775	-0.351
19.800	0.101
19.825	0.221
19.850	-0.344
19.875	0.390
19.900	0.002
19.925	0.291
19.950	0.016
19.975	-0.301
20.000	-0.054
20.025	-0.810
20.050	-0.810
20.075	-1.092
20.100	-0.944
20.125	-1.106
20.150	-1.360
20.175	-1.579
20.200	-2.122
20.225	-2.002
20.250	-1.748
20.275	-1.826
20.300	-1.741
20.325	-1.254
20.350	-1.529
20.375	-0.972
20.400	-1.282
20.425	-1.099
20.450	-0.436
20.475	-0.577
20.500	-0.231
20.525	-0.584
20.550	0.023
20.575	0.150
20.600	-0.294
20.625	-0.217
20.650	-0.252
20.675	-0.118
20.700	-0.520
20.725	-1.071
20.750	-0.584
20.775	-1.092
20.800	-1.205
20.825	-1.254
20.850	-1.501
20.875	-1.275
20.900	-1.656
20.925	-1.684
20.950	-1.515
20.975	-1.840
21.000	-1.240
21.025	-1.953
21.050	-1.727
21.075	-1.557
21.100	-1.282
21.125	-1.438
21.150	-1.692
21.175	-1.198
21.200	-1.092
21.225	-1.699
21.250	-1.261
21.275	-2.002
21.300	-1.071
21.325	-1.586
21.350	-1.007
21.375	-0.471
21.400	-0.739
21.425	-0.450
21.450	-0.189
21.475	-0.760
21.500	0.065
21.525	-0.238
21.550	0.178
21.575	0.263
21.600	0.355
21.625	0.256
21.650	-0.520
21.675	-0.605
21.700	-0.104
21.725	-0.866
21.750	-0.612
21.775	-1.459
21.800	-0.979
21.825	-0.901
21.850	-1.282
21.875	-1.247
21.900	-0.965
21.925	-0.753
21.950	-0.810
21.975	-1.247
22.000	-0.400
22.025	-0.245
22.050	-0.443
22.075	-0.506
22.100	-0.774
22.125	-0.492
22.150	-0.922
22.175	-1.459
22.200	-1.219
22.225	-1.296
22.250	-1.120
22.275	-1.720
22.300	-1.579
22.325	-1.289
22.350	-1.755
22.375	-1.684
22.400	-2.185
22.425	-1.889
22.450	-2.023
22.475	-1.946
22.500	-1.819
22.525	-1.438
22.550	-1.607
22.575	-1.183
22.600	-1.508
22.625	-1.522
22.650	-1.550
22.675	-1.416
22.700	-1.741
22.725	-1.219
22.750	-1.233
22.775	-0.570
22.800	-0.090
22.825	-0.386
22.850	-0.076
22.875	-0.083
22.900	0.284
22.925	0.235
22.950	-0.196
22.975	-0.330
23.000	-0.125
23.025	-0.513
23.050	-0.153
23.075	-0.873
23.100	-0.040
23.125	-0.125
23.150	-0.443
23.175	-0.400
23.200	-0.083
23.225	0.658
23.250	0.319
23.275	0.002
23.300	0.545
23.325	0.291
23.350	0.665
23.375	-0.146
23.400	0.200
23.425	0.101
23.450	-0.351
23.475	-0.210
23.500	-0.443
23.525	-0.654
23.550	-0.111
23.575	-1.438
23.600	-1.346
23.625	-1.501
23.650	-1.981
23.675	-1.593
23.700	-2.284
23.725	-1.522
23.750	-1.896
23.775	-1.960
23.800	-1.727
23.825	-1.706
23.850	-1.268
23.875	-1.014
23.900	-0.725
23.925	-0.534
23.950	-0.993
23.975	-1.113
24.000	-0.810
24.025	-1.473
24.050	-0.436
24.075	-1.522
24.100	-1.310
24.125	-1.395
24.150	-1.318
24.175	-1.621
24.200	-1.614
24.225	-1.261
24.250	-1.374
24.275	-1.804
24.300	-1.014
24.325	-1.346
24.350	-0.929
24.375	-1.438
24.400	-1.346
24.425	-0.965
24.450	-1.268
24.475	-1.071
24.500	-0.880
24.525	-1.155
24.550	-0.485
24.575	-1.113
24.600	-1.007
24.625	-0.908
24.650	-1.064
24.675	-0.732
24.700	-1.268
24.725	-0.986
24.750	-0.965
24.775	-1.099
24.800	-0.414
24.825	-0.718
24.850	-0.436
24.875	-0.810
24.900	-0.753
24.925	-0.471
24.950	-0.944
24.975	-0.309
25.000	-0.584
25.025	-0.428
25.050	-0.633
25.075	-1.078
25.100	-0.774
25.125	-0.866
25.150	-1.282
25.175	-1.127
25.200	-1.720
25.225	-1.127
25.250	-1.268
25.275	-1.713
25.300	-0.598
25.325	-0.915
25.350	-0.810
25.375	-0.393
25.400	-0.344
25.425	0.263
25.450	-0.026
25.475	0.432
25.500	0.383
25.525	-0.252
25.550	0.108
25.575	-0.584
25.600	-0.443
25.625	-0.527
25.650	-0.972
25.675	-0.922
25.700	-0.894
25.725	-1.134
25.750	-1.346
25.775	-1.734
25.800	-1.092
25.825	-1.402
25.850	-0.859
25.875	-1.176
25.900	-0.661
25.925	-0.591
25.950	-0.873
25.975	-0.612
26.000	-0.563
26.025	-0.365
26.050	-0.259
26.075	0.037
26.100	0.235
26.125	0.235
26.150	-0.428
26.175	0.376
26.200	-0.160
26.225	-0.301
26.250	-0.795
26.275	-1.021
26.300	-1.028
26.325	-1.296
26.350	-1.148
26.375	-1.056
26.400	-1.402
26.425	-1.134
26.450	-1.085
26.475	-1.275
26.500	-1.191
26.525	-1.240
26.550	-1.445
26.575	-1.635
26.600	-1.995
26.625	-1.790
26.650	-2.397
26.675	-1.557
26.700	-1.840
26.725	-1.416
26.750	-1.035
26.775	-1.092
26.800	-1.183
26.825	-0.852
26.850	-1.014
26.875	-0.513
26.900	-1.092
26.925	-1.056
26.950	-0.993
26.975	-0.753
27.000	-0.640
27.025	-0.386
27.050	-0.294
27.075	-0.527
27.100	-0.880
27.125	-0.309
27.150	-0.598
27.175	-0.358
27.200	-1.078
27.225	-0.795
27.250	-0.725
27.275	-1.395
27.300	-1.071
27.325	-1.078
27.350	-1.543
27.375	-1.529
27.400	-1.804
27.425	-1.684
27.450	-1.868
27.475	-2.270
27.500	-1.720
27.525	-1.967
27.550	-2.122
27.575	-1.797
27.600	-1.960
27.625	-1.473
27.650	-1.586
27.675	-1.191
27.700	-1.254
27.725	-1.543
27.750	-1.409
27.775	-1.861
27.800	-1.402
27.825	-1.663
27.850	-1.339
27.875	-1.438
27.900	-1.692
27.925	-1.614
27.950	-1.946
27.975	-1.572
28.000	-0.944
28.025	-1.593
28.050	-1.113
28.075	-1.099
28.100	-1.035
28.125	-0.598
28.150	-0.640
28.175	-0.831
28.200	-0.294
28.225	-0.753
28.250	0.073
28.275	-0.654
28.300	-0.330
28.325	-0.499
28.350	-0.245
28.375	0.221
28.400	0.312
28.425	0.080
28.450	0.785
28.475	0.164
28.500	0.446
28.525	0.418
28.550	0.503
28.575	0.439
28.600	-0.414
28.625	0.489
28.650	0.016
28.675	-0.393
28.700	0.058
28.725	-0.563
28.750	-0.259
28.775	-1.169
28.800	-0.937
28.825	-0.979
28.850	-1.720
28.875	-1.635
28.900	-1.438
28.925	-1.423
28.950	-1.783
28.975	-1.684
29.000	-1.635
29.025	-1.995
29.050	-2.277
29.075	-2.249
29.100	-2.461
29.125	-1.466
29.150	-1.706
29.175	-1.656
29.200	-1.240
29.225	-1.804
29.250	-1.226
29.275	-1.459
29.300	-1.339
29.325	-1.332
29.350	-1.416
29.375	-1.176
29.400	-1.713
29.425	-1.938
29.450	-1.176
29.475	-1.981
29.500	-1.699
29.525	-2.143
29.550	-1.649
29.575	-1.339
29.600	-1.183
29.625	-0.922
29.650	-1.014
29.675	-0.852
29.700	-1.014
29.725	-0.880
29.750	-0.464
29.775	-0.887
29.800	-0.944
29.825	-0.506
29.850	-1.353
29.875	-0.951
29.900	-0.795
29.925	-1.035
29.950	-0.704
29.975	-0.704
30.000	-0.196
30.025	-0.287
30.050	-0.132
30.075	-0.210
30.100	-0.548
30.125	-0.309
30.150	-0.189
30.175	0.221
30.200	0.334
30.225	-0.287
30.250	0.327
30.275	0.058
30.300	0.270
30.325	0.701
30.350	0.143
30.375	0.030
30.400	-0.217
30.425	-0.852
30.450	-0.153
30.475	-1.007
30.500	-0.937
30.525	-1.134
30.550	-0.873
30.575	-0.788
30.600	-0.563
30.625	-0.337
30.650	-0.316
30.675	-0.873
30.700	-0.040
30.725	-0.697
30.750	-0.619
30.775	12.936
30.800	-1.085
30.825	-1.191
30.850	-1.684
30.875	-2.002
30.900	-1.148
30.925	-2.073
30.950	-0.541
30.975	-1.769
31.000	-1.684
31.025	-1.804
31.050	-1.663
31.075	-1.254
31.100	-1.600
31.125	-1.677
31.150	-0.732
31.175	-1.226
31.200	-1.021
31.225	11.560
31.250	-0.316
31.275	-0.224
31.300	-0.725
31.325	0.030
31.350	-0.139
31.375	-0.400
31.400	0.482
31.425	0.319
31.450	0.510
31.475	0.595
31.500	0.743
31.525	1.350
31.550	1.103
31.575	1.646
31.600	1.350
31.625	1.293
31.650	1.350
31.675	0.545
31.700	0.933
31.725	0.496
31.750	0.221
31.775	0.842
31.800	35.953
31.825	-26.480
31.850	10.572
31.875	10.932
31.900	-21.696
31.925	33.561
31.950	-20.609
31.975	5.104
32.000	11.835
32.025	0.475
32.050	0.517
32.075	0.588
32.100	0.404
32.125	0.439
32.150	0.828
32.175	0.609
32.200	1.110
32.225	1.279
32.250	0.898
32.275	-30.594
32.300	42.889
32.325	-13.200
32.350	1.307
32.375	1.216
32.400	1.992
32.425	1.441
32.450	1.343
32.475	1.815
32.500	1.117
32.525	2.062
32.550	1.202
32.575	1.801
32.600	1.216
32.625	1.286
32.650	1.286
32.675	1.321
32.700	1.018
32.725	1.533
32.750	1.202
32.775	1.505
32.800	0.771
32.825	0.947
32.850	14.834
32.875	-0.238
32.900	0.094
32.925	-0.478
32.950	-0.619
32.975	-1.035
33.000	-0.965
33.025	-0.682
33.050	-1.078
33.075	-0.901
33.100	-0.908
33.125	-1.275
33.150	-1.127
33.175	-1.169
33.200	-1.219
33.225	-1.332
33.250	-1.205
33.275	-0.781
33.300	-1.310
33.325	-1.572
33.350	-1.085
33.375	-1.438
33.400	-1.014
33.425	-1.473
33.450	-1.205
33.475	-0.965
33.500	-1.395
33.525	-1.191
33.550	-0.979
33.575	-0.986
33.600	-0.379
33.625	-0.555
33.650	-0.104
33.675	-0.753
33.700	-0.358
33.725	-0.146
33.750	-0.795
33.775	0.108
33.800	-0.407
33.825	-0.986
33.850	-0.697
33.875	-1.078
33.900	-0.492
33.925	-0.668
33.950	-0.711
33.975	-0.824
34.000	-1.191
34.025	-1.233
34.050	-1.219
34.075	-1.325
34.100	-0.979
34.125	-1.106
34.150	-0.781
34.175	-0.817
34.200	-0.224
34.225	-0.534
34.250	-1.007
34.275	-0.979
34.300	-1.536
34.325	-1.296
34.350	-1.310
34.375	-1.134
34.400	-0.668
34.425	-0.838
34.450	-0.711
34.475	-0.026
34.500	-0.414
34.525	-0.443
34.550	-0.047
34.575	-0.499
34.600	-0.301
34.625	-0.873
34.650	-0.104
34.675	-0.054
34.700	-0.153
34.725	0.397
34.750	-0.026
34.775	0.023
34.800	0.369
34.825	0.087
34.850	0.446
34.875	-0.492
34.900	0.164
34.925	-0.139
34.950	-0.725
34.975	-0.054
35.000	-0.591
35.025	-0.718
35.050	-0.570
35.075	-0.993
35.100	-0.774
35.125	-1.508
35.150	-1.000
35.175	-1.049
35.200	-1.565
35.225	-0.760
35.250	-1.289
35.275	-0.831
35.300	-1.134
35.325	-1.064
35.350	-0.810
35.375	-0.704
35.400	-0.316
35.425	-0.174
35.450	-0.929
35.475	-0.146
35.500	-0.450
35.525	-0.026
35.550	-0.647
35.575	-0.908
35.600	-0.534
35.625	-1.198
35.650	-1.014
35.675	-0.894
35.700	-1.289
35.725	-1.473
35.750	-1.614
35.775	-1.882
35.800	-1.938
35.825	-1.938
35.850	-1.522
35.875	-1.826
35.900	-1.536
35.925	-1.261
35.950	-1.734
35.975	-1.056
36.000	-1.261
36.025	-1.318
36.050	-1.946
36.075	-1.438
36.100	-1.176
36.125	-1.670
36.150	-1.550
36.175	-1.127
36.200	-1.692
36.225	-1.000
36.250	-1.092
36.275	-1.007
36.300	-0.252
36.325	-0.520
36.350	-0.280
36.375	-0.605
36.400	-0.866
36.425	-0.541
36.450	-1.226
36.475	-0.365
36.500	-0.675
36.525	-0.640
36.550	-0.167
36.575	-0.605
36.600	-0.118
36.625	-0.619
36.650	-0.478
36.675	-0.379
36.700	-0.421
36.725	-0.358
36.750	-0.464
36.775	-0.795
36.800	-0.541
36.825	-0.725
36.850	-0.513
36.875	-0.979
36.900	-0.541
36.925	-0.894
36.950	-1.367
36.975	-0.753
37.000	-1.071
37.025	-1.501
37.050	-0.421
37.075	-1.240
37.100	-1.064
37.125	-1.621
37.150	-1.607
37.175	-1.339
37.200	-1.508
37.225	-0.534
37.250	-0.485
37.275	-0.245
37.300	0.475
37.325	0.312
37.350	-30.509
37.375	-0.047
37.400	0.588
37.425	0.665
37.450	0.665
37.475	-12.269
37.500	11.595
37.525	10.826
37.550	1.272
37.575	-0.203
37.600	-0.400
37.625	-0.866
37.650	-1.677
37.675	-1.882
37.700	21.460
37.725	-2.221
37.750	-2.672
37.775	-3.477
37.800	-2.842
37.825	-3.766
37.850	-3.674
37.875	-3.357
37.900	-4.352
37.925	-4.098
37.950	-4.126
37.975	-15.712
38.000	0.806
38.025	-4.577
38.050	-3.830
38.075	-4.133
38.100	-3.985
38.125	-3.547
38.150	-3.583
38.175	-3.392
38.200	-3.152
38.225	-2.870
38.250	-2.672
38.275	-3.194
38.300	-2.383
38.325	-3.011
38.350	-2.609
38.375	-1.854
38.400	-2.595
38.425	-1.946
38.450	-2.355
38.475	-2.016
38.500	-2.524
38.525	-2.256
38.550	-2.432
38.575	-2.792
38.600	-7.104
38.625	-15.500
38.650	16.252
38.675	-1.614
38.700	-1.459
38.725	-1.416
38.750	-1.332
38.775	-1.198
38.800	-0.379
38.825	-0.464
38.850	0.150
38.875	10.516
38.900	0.574
38.925	1.688
38.950	1.470
38.975	1.872
39.000	-27.468
39.025	2.006
39.050	2.973
39.075	3.601
39.100	4.370
39.125	4.715
39.150	5.111
39.175	6.134
39.200	6.155
39.225	6.247
39.250	6.698
39.275	25.651
39.300	7.326
39.325	7.743
39.350	7.347
39.375	7.714
39.400	7.573
39.425	7.947
39.450	7.510
39.475	7.312
39.500	7.891
39.525	7.453
39.550	7.975
39.575	7.785
39.600	7.362
39.625	7.009
39.650	6.501
39.675	6.190
39.700	5.590
39.725	5.499
39.750	5.379
39.775	4.814
39.800	4.969
39.825	33.878
39.850	3.671
39.875	3.848
39.900	2.676
39.925	1.844
39.950	1.667
39.975	1.766
40.000	1.561
40.025	0.919
40.050	1.484
40.075	0.933
40.100	0.524
40.125	0.489
40.150	41.047
40.175	-29.747
40.200	0.454
40.225	0.235
40.250	0.263
40.275	0.263
40.300	0.686
40.325	0.143
40.350	-0.040
40.375	0.312
40.400	-0.478
40.425	0.164
40.450	-0.217
40.475	-0.414
40.500	-0.125
40.525	-0.873
40.550	-0.894
40.575	-1.318
40.600	-1.169
40.625	-1.261
40.650	-1.275
40.675	-0.986
40.700	-1.127
40.725	-1.607
40.750	-1.162
40.775	-2.087
40.800	-1.797
40.825	-1.565
40.850	-1.649
40.875	-1.183
40.900	-1.409
40.925	-1.367
40.950	-1.536
40.975	-1.473
41.000	-1.572
41.025	-2.115
41.050	-1.981
41.075	-1.557
41.100	-2.207
41.125	-1.797
41.150	-1.692
41.175	-1.635
41.200	-1.480
41.225	-15.190
41.250	-0.894
41.275	-1.219
41.300	-0.506
41.325	-0.471
41.350	-0.697
41.375	-0.139
41.400	-0.563
41.425	-0.605
41.450	-0.866
41.475	-0.873
41.500	-0.774
41.525	-0.810
41.550	-0.767
41.575	-0.704
41.600	-1.275
41.625	-0.584
41.650	-1.395
41.675	-1.282
41.700	-1.134
41.725	-1.635
41.750	-1.092
41.775	-1.762
41.800	-1.663
41.825	-1.981
41.850	-2.383
41.875	-2.193
41.900	-2.616
41.925	-1.967
41.950	-1.847
41.975	41.294
42.000	-1.049
42.025	-1.536
42.050	-1.430
42.075	-0.880
42.100	-1.783
42.125	-1.423
42.150	-1.141
42.175	-0.817
42.200	-0.337
42.225	-0.400
42.250	0.129
42.275	-0.047
42.300	0.602
42.325	0.792
42.350	0.284
42.375	1.180
42.400	0.926
42.425	0.503
42.450	0.644
42.475	0.376
42.500	0.334
42.525	41.429
42.550	0.538
42.575	0.510
42.600	0.051
42.625	0.058
42.650	-0.654
42.675	-0.972
42.700	-0.358
42.725	-1.085
42.750	-0.337
42.775	-0.372
42.800	-0.400
42.825	-0.506
42.850	-0.619
42.875	-0.457
42.900	-0.732
42.925	-0.153
42.950	-0.076
42.975	-0.083
43.000	0.531
43.025	0.073
43.050	-0.443
43.075	0.397
43.100	-0.682
43.125	-0.668
43.150	-0.619
43.175	-1.254
43.200	-1.120
43.225	-1.656
43.250	-1.268
43.275	-1.183
43.300	-1.134
43.325	-1.056
43.350	-1.021
43.375	-0.802
43.400	-1.134
43.425	-0.944
43.450	-0.062
43.475	-1.289
43.500	-0.697
43.525	-0.887
43.550	-0.951
43.575	-0.937
43.600	-1.099
43.625	-1.141
43.650	-0.739
43.675	-1.176
43.700	-0.598
43.725	-0.661
43.750	-0.478
43.775	-0.563
43.800	-1.078
43.825	-0.309
43.850	-0.993
43.875	-0.612
43.900	-0.400
43.925	-0.739
43.950	-0.894
43.975	-0.944
44.000	-0.668
44.025	-0.986
44.050	-0.189
44.075	-0.379
44.100	-0.351
44.125	-0.217
44.150	-0.309
44.175	-0.859
44.200	-0.217
44.225	-0.937
44.250	-1.120
44.275	-0.838
44.300	-1.325
44.325	-0.838
44.350	-1.134
44.375	-0.922
44.400	-1.049
44.425	-0.838
44.450	-0.294
44.475	-0.781
44.500	-0.280
44.525	-0.309
44.550	-0.414
44.575	0.058
44.600	-0.393
44.625	0.037
44.650	0.023
44.675	-0.196
44.700	-0.309
44.725	-0.436
44.750	-0.443
44.775	-0.372
44.800	-0.330
44.825	0.115
44.850	0.157
44.875	0.277
44.900	-0.026
44.925	-0.640
44.950	0.129
44.975	-0.732
45.000	-0.944
45.025	0.058
45.050	-1.240
45.075	-1.219
45.100	-1.254
45.125	-1.423
45.150	-0.753
45.175	-1.198
45.200	-1.092
45.225	-0.951
45.250	-1.141
45.275	-0.555
45.300	-0.979
45.325	-0.626
45.350	-1.169
45.375	-0.704
45.400	-0.443
45.425	-1.212
45.450	-0.548
45.475	-0.675
45.500	-1.318
45.525	-0.266
45.550	-0.591
45.575	-0.640
45.600	-0.323
45.625	-0.626
45.650	-0.337
45.675	-1.212
45.700	-0.513
45.725	-1.092
45.750	-1.092
45.775	-0.506
45.800	-1.134
45.825	-1.127
45.850	-1.430
45.875	-1.769
45.900	-0.619
45.925	-1.028
45.950	-0.393
45.975	-0.414
46.000	-0.845
46.025	-0.273
46.050	-0.316
46.075	0.009
46.100	-0.118
46.125	0.129
46.150	0.510
46.175	-0.358
46.200	0.051
46.225	0.016
46.250	-0.598
46.275	-0.104
46.300	-0.577
46.325	-0.640
46.350	-0.478
46.375	-1.226
46.400	-0.563
46.425	-0.845
46.450	-1.000
46.475	-0.732
46.500	-1.148
46.525	-1.176
46.550	-1.501
46.575	-1.049
46.600	-1.303
46.625	-1.049
46.650	-0.464
46.675	-0.725
46.700	-0.732
46.725	0.030
46.750	-0.746
46.775	-0.682
46.800	-0.499
46.825	-0.563
46.850	0.136
46.875	-0.054
46.900	0.171
46.925	0.270
46.950	0.312
46.975	0.122
47.000	-0.104
47.025	0.044
47.050	-0.718
47.075	-0.428
47.100	-0.506
47.125	-1.282
47.150	-0.640
47.175	-1.176
47.200	-1.430
47.225	-0.937
47.250	-1.374
47.275	-1.049
47.300	-1.014
47.325	-0.725
47.350	-0.266
47.375	-0.330
47.400	-0.259
47.425	-0.379
47.450	-0.245
47.475	-0.160
47.500	-0.182
47.525	0.461
47.550	0.108
47.575	0.178
47.600	0.094
47.625	-1.106
47.650	-0.619
47.675	-0.612
47.700	-0.619
47.725	-0.386
47.750	-0.922
47.775	-0.958
47.800	-0.958
47.825	-1.176
47.850	-0.746
47.875	-1.310
47.900	-1.141
47.925	-1.720
47.950	-2.115
47.975	-1.550
48.000	-2.277
48.025	-1.452
48.050	-1.628
48.075	-1.924
48.100	-1.162
48.125	-2.235
48.150	-0.993
48.175	-1.028
48.200	-0.817
48.225	-0.005
48.250	-0.252
48.275	0.002
48.300	-0.287
48.325	0.065
48.350	1.074
48.375	28.085
48.400	-28.872
48.425	7.601
48.450	15.864
48.475	0.376
48.500	0.122
48.525	0.171
48.550	-0.294
48.575	-0.534
48.600	-0.668
48.625	-1.607
48.650	-1.670
48.675	-1.536
48.700	-2.242
48.725	0.729
48.750	-2.108
48.775	-1.861
48.800	34.316
48.825	14.883
48.850	-1.572
48.875	-1.649
