0.000	-3.830
0.025	-23.735
0.050	24.818
0.075	-27.856
0.100	5.111
0.125	12.943
0.150	-23.890
0.175	37.145
0.200	-17.885
0.225	11.038
0.250	18.150
0.275	-21.964
0.300	38.521
0.325	-19.777
0.350	14.389
0.375	18.059
0.400	-20.228
0.425	40.751
0.450	-20.087
0.475	15.497
0.500	15.152
0.525	-19.247
0.550	38.423
0.575	-17.702
0.600	17.988
0.625	7.432
0.650	-18.288
0.675	41.908
0.700	-19.113
0.725	16.168
0.750	14.509
0.775	-17.497
0.800	41.563
0.825	-14.633
0.850	12.251
0.875	17.071
0.900	-17.187
0.925	41.556
0.950	-15.762
0.975	19.456
1.000	20.754
1.025	-10.999
1.050	47.334
1.075	-7.682
1.100	23.689
1.125	25.997
1.150	-6.483
1.175	52.591
1.200	-1.868
1.225	30.830
1.250	24.303
1.275	-6.342
1.300	47.405
1.325	-7.915
1.350	16.337
1.375	24.825
1.400	-14.414
1.425	42.586
1.450	-14.668
1.475	18.411
1.500	18.249
1.525	-14.703
1.550	38.733
1.575	-13.913
1.600	14.488
1.625	16.012
1.650	-15.635
1.675	39.629
1.700	-15.042
1.725	16.584
1.750	18.115
1.775	-17.180
1.800	39.488
1.825	11.616
1.850	44.378
1.875	21.601
1.900	20.747
1.925	57.502
1.950	22.194
1.975	21.756
2.000	21.079
2.025	21.516
2.050	20.846
2.075	21.375
2.100	21.312
2.125	21.008
2.150	21.982
2.175	21.820
2.200	21.883
2.225	21.608
2.250	21.460
2.275	21.805
2.300	20.973
2.325	21.065
2.350	21.156
2.375	20.451
2.400	20.945
2.425	19.837
2.450	19.216
2.475	19.202
2.500	9.634
2.525	17.635
2.550	16.443
2.575	16.351
2.600	15.787
2.625	14.658
2.650	14.651
2.675	13.197
2.700	12.520
2.725	11.186
2.750	10.022
2.775	9.450
2.800	8.025
2.825	7.108
2.850	5.724
2.875	4.821
2.900	4.497
2.925	3.410
2.950	2.457
2.975	2.041
3.000	0.489
3.025	0.446
3.050	-0.746
3.075	-1.543
3.100	-2.164
3.125	-3.089
3.150	-3.378
3.175	-4.140
3.200	-3.872
3.225	-4.620
3.250	-5.424
3.275	-4.916
3.300	-6.088
3.325	-5.615
3.350	-6.271
3.375	-6.546
3.400	-6.024
3.425	-6.257
3.450	-6.130
3.475	-6.377
3.500	-6.638
3.525	-6.080
3.550	-6.278
3.575	-6.123
3.600	-6.306
3.625	-6.080
3.650	-5.389
3.675	-5.551
3.700	-5.078
3.725	-4.676
3.750	-4.676
3.775	-3.900
3.800	-3.999
3.825	-3.625
3.850	-3.152
3.875	-3.364
3.900	-2.609
3.925	-2.644
3.950	-1.628
3.975	-1.522
4.000	-0.958
4.025	-0.675
4.050	-0.922
4.075	-0.146
4.100	-0.407
4.125	0.023
4.150	0.108
4.175	-0.005
4.200	0.348
4.225	0.623
4.250	0.983
4.275	0.693
4.300	0.362
4.325	0.341
4.350	0.482
4.375	0.164
4.400	0.334
4.425	-0.344
4.450	0.319
4.475	0.249
4.500	-0.062
4.525	0.418
4.550	-0.443
4.575	0.376
4.600	-0.280
4.625	-0.436
4.650	0.143
4.675	-0.238
4.700	0.446
4.725	-0.033
4.750	0.489
4.775	0.574
4.800	0.616
4.825	0.969
4.850	1.272
4.875	0.849
4.900	0.785
4.925	0.715
4.950	0.856
4.975	0.856
5.000	-0.196
5.025	0.263
5.050	-0.026
5.075	0.679
5.100	0.545
5.125	0.305
5.150	0.842
5.175	0.101
5.200	0.884
5.225	0.334
5.250	0.058
5.275	0.595
5.300	0.432
5.325	0.623
5.350	0.623
5.375	0.651
5.400	0.602
5.425	0.559
5.450	0.574
5.475	0.369
5.500	0.143
5.525	1.145
5.550	0.510
5.575	0.764
5.600	1.018
5.625	0.792
5.650	1.350
5.675	0.672
5.700	0.764
5.725	0.926
5.750	0.454
5.775	1.187
5.800	0.439
5.825	1.159
5.850	0.820
5.875	1.060
5.900	1.364
5.925	1.357
5.950	1.583
5.975	0.947
6.000	0.736
6.025	1.434
6.050	1.011
6.075	1.131
6.100	1.152
6.125	0.933
6.150	0.870
6.175	0.411
6.200	0.249
6.225	0.270
6.250	-0.083
6.275	-0.047
6.300	-0.457
6.325	0.256
6.350	0.101
6.375	-0.266
6.400	0.327
6.425	0.122
6.450	0.503
6.475	0.376
6.500	0.242
6.525	0.150
6.550	-0.203
6.575	0.157
6.600	-0.266
6.625	-0.174
6.650	-0.167
6.675	-0.280
6.700	-0.005
6.725	0.101
6.750	-0.266
6.775	0.312
6.800	-0.309
6.825	-0.196
6.850	-0.069
6.875	-0.598
6.900	-0.203
6.925	-0.739
6.950	0.192
6.975	-0.054
7.000	0.284
7.025	0.736
7.050	-0.005
7.075	0.623
7.100	0.200
7.125	0.023
7.150	0.602
7.175	0.454
7.200	0.785
7.225	0.404
7.250	0.813
7.275	1.237
7.300	0.715
7.325	0.679
7.350	0.969
7.375	0.940
7.400	0.990
7.425	0.192
7.450	0.221
7.475	0.242
7.500	0.037
7.525	0.432
7.550	0.446
7.575	0.665
7.600	0.503
7.625	0.475
7.650	0.545
7.675	-0.309
7.700	0.425
7.725	0.101
7.750	0.355
7.775	0.863
7.800	0.623
7.825	0.828
7.850	0.891
7.875	0.623
7.900	0.538
7.925	0.531
7.950	0.390
7.975	0.679
8.000	0.207
8.025	1.053
8.050	0.439
8.075	0.947
8.100	0.877
8.125	0.736
8.150	1.216
8.175	0.701
8.200	1.103
8.225	0.933
8.250	1.138
8.275	1.082
8.300	1.025
8.325	0.962
8.350	0.602
8.375	0.722
8.400	0.905
8.425	0.581
8.450	0.792
8.475	0.715
8.500	0.588
8.525	0.679
8.550	0.030
8.575	0.023
8.600	0.207
8.625	-0.083
8.650	0.355
8.675	-0.273
8.700	0.221
8.725	-0.026
8.750	0.538
8.775	0.828
8.800	0.849
8.825	1.371
8.850	0.983
8.875	1.159
8.900	1.202
8.925	1.350
8.950	1.533
8.975	1.808
9.000	1.152
9.025	2.182
9.050	1.547
9.075	1.519
9.100	1.082
9.125	0.926
9.150	1.230
9.175	0.877
9.200	1.194
9.225	1.103
9.250	1.265
9.275	1.046
9.300	0.750
9.325	0.912
9.350	0.044
9.375	0.439
9.400	-0.033
9.425	-0.040
9.450	0.298
9.475	0.044
9.500	0.016
9.525	0.376
9.550	-0.231
9.575	0.242
9.600	-0.210
9.625	-0.337
9.650	-0.097
9.675	-0.436
9.700	-0.217
9.725	-0.436
9.750	0.115
9.775	0.348
9.800	0.355
9.825	1.060
9.850	-0.012
9.875	0.736
9.900	0.559
9.925	0.736
9.950	0.969
9.975	0.743
10.000	1.025
10.025	0.496
10.050	0.630
10.075	0.616
10.100	0.136
10.125	0.439
10.150	0.418
10.175	0.418
10.200	0.990
10.225	0.468
10.250	0.531
10.275	0.369
10.300	0.277
10.325	0.806
10.350	0.235
10.375	1.053
10.400	0.531
10.425	0.962
10.450	1.166
10.475	0.637
10.500	1.463
10.525	0.778
10.550	1.089
10.575	0.976
10.600	0.616
10.625	0.933
10.650	0.785
10.675	0.969
10.700	0.524
10.725	-0.083
10.750	1.018
10.775	0.729
10.800	0.884
10.825	0.940
10.850	0.221
10.875	1.011
10.900	0.489
10.925	0.771
10.950	0.538
10.975	0.750
11.000	0.891
11.025	0.312
11.050	0.722
11.075	0.334
11.100	0.454
11.125	0.729
11.150	-0.033
11.175	0.538
11.200	0.651
11.225	0.658
11.250	0.665
11.275	0.552
11.300	1.039
11.325	0.955
11.350	0.510
11.375	1.025
11.400	0.454
11.425	0.468
11.450	0.475
11.475	0.002
11.500	0.581
11.525	0.171
11.550	0.242
11.575	0.235
11.600	0.545
11.625	0.778
11.650	0.828
11.675	1.385
11.700	0.517
11.725	0.828
11.750	0.736
11.775	0.531
11.800	0.912
11.825	0.644
11.850	0.362
11.875	0.785
11.900	0.835
11.925	0.940
11.950	0.221
11.975	0.023
12.000	0.263
12.025	-0.153
12.050	0.482
12.075	-0.330
12.100	-0.421
12.125	-0.040
12.150	-0.767
12.175	0.171
12.200	0.073
12.225	0.305
12.250	0.383
12.275	0.094
12.300	0.686
12.325	0.842
12.350	0.574
12.375	0.566
12.400	0.489
12.425	0.736
12.450	0.566
12.475	0.574
12.500	1.067
12.525	0.750
12.550	0.955
12.575	0.651
12.600	1.152
12.625	1.166
12.650	0.736
12.675	1.399
12.700	0.284
12.725	1.025
12.750	0.552
12.775	0.221
12.800	0.771
12.825	0.559
12.850	0.637
12.875	0.552
12.900	0.651
12.925	0.679
12.950	0.602
12.975	0.757
13.000	1.053
13.025	1.060
13.050	0.729
13.075	0.249
13.100	0.446
13.125	0.482
13.150	0.178
13.175	0.686
13.200	0.439
13.225	0.969
13.250	0.736
13.275	0.686
13.300	0.813
13.325	0.658
13.350	0.813
13.375	0.207
13.400	0.284
13.425	0.602
13.450	0.284
13.475	0.461
13.500	0.312
13.525	0.291
13.550	0.312
13.575	-0.005
13.600	0.933
13.625	0.538
13.650	0.559
13.675	0.679
13.700	-0.146
13.725	1.004
13.750	0.263
13.775	0.327
13.800	0.997
13.825	0.792
13.850	1.096
13.875	0.693
13.900	1.138
13.925	1.082
13.950	0.926
13.975	1.145
14.000	1.025
14.025	1.046
14.050	1.110
14.075	0.468
14.100	0.581
14.125	0.319
14.150	0.242
14.175	0.461
14.200	-0.033
14.225	0.715
14.250	0.094
14.275	0.658
14.300	0.538
14.325	0.475
14.350	0.905
14.375	0.298
14.400	0.764
14.425	0.785
14.450	0.771
14.475	0.849
14.500	0.877
14.525	0.750
14.550	0.651
14.575	0.503
14.600	1.138
14.625	0.517
14.650	0.792
14.675	0.835
14.700	0.312
14.725	1.138
14.750	0.588
14.775	1.399
14.800	1.237
14.825	1.258
14.850	0.891
14.875	0.651
14.900	1.244
14.925	1.152
14.950	0.828
14.975	0.919
15.000	0.799
15.025	0.912
15.050	0.919
15.075	0.489
15.100	0.510
15.125	0.256
15.150	0.312
15.175	0.411
15.200	0.122
15.225	0.757
15.250	0.080
15.275	0.863
15.300	0.609
15.325	0.933
15.350	1.491
15.375	0.905
15.400	1.145
15.425	0.905
15.450	0.877
15.475	1.004
15.500	0.475
15.525	0.849
15.550	0.214
15.575	0.171
15.600	0.510
15.625	0.298
15.650	0.602
15.675	0.877
15.700	1.145
15.725	1.293
15.750	0.820
15.775	1.540
15.800	0.616
15.825	1.074
15.850	0.665
15.875	0.355
15.900	0.432
15.925	-0.252
15.950	-0.125
15.975	-0.379
16.000	-0.309
16.025	-0.217
16.050	-0.287
16.075	-0.421
16.100	0.178
16.125	-0.506
16.150	0.404
16.175	-0.372
16.200	-0.040
16.225	-0.174
16.250	-0.365
16.275	0.404
16.300	0.178
16.325	0.686
16.350	0.595
16.375	0.969
16.400	1.039
16.425	1.089
16.450	1.089
16.475	1.357
16.500	0.891
16.525	0.955
16.550	1.089
16.575	0.835
16.600	0.990
16.625	0.672
16.650	0.609
16.675	0.221
16.700	0.870
16.725	0.432
16.750	0.178
16.775	0.877
16.800	-0.231
16.825	0.750
16.850	0.602
16.875	0.955
16.900	1.251
16.925	1.152
16.950	1.173
16.975	0.962
17.000	1.025
17.025	1.152
17.050	0.595
17.075	0.905
17.100	0.849
17.125	0.842
17.150	1.477
17.175	0.764
17.200	1.498
17.225	0.701
17.250	1.152
17.275	1.138
17.300	0.771
17.325	0.983
17.350	0.115
17.375	0.164
17.400	0.319
17.425	-0.132
17.450	-0.097
17.475	0.291
17.500	-0.316
17.525	0.454
17.550	-0.478
17.575	0.157
17.600	-0.344
17.625	-0.421
17.650	-0.167
17.675	-0.047
17.700	0.228
17.725	-0.104
17.750	0.327
17.775	0.207
17.800	0.129
17.825	0.221
17.850	-0.132
17.875	0.058
17.900	0.531
17.925	-0.831
17.950	0.115
17.975	0.164
18.000	0.122
18.025	0.327
18.050	-0.111
18.075	0.686
18.100	0.312
18.125	0.722
18.150	0.489
18.175	0.623
18.200	0.905
18.225	0.305
18.250	0.778
18.275	0.891
18.300	0.743
18.325	0.644
18.350	0.362
18.375	0.672
18.400	0.891
18.425	0.263
18.450	0.905
18.475	0.073
18.500	0.327
18.525	0.672
18.550	0.334
18.575	1.011
18.600	0.376
18.625	0.651
18.650	0.849
18.675	0.940
18.700	1.032
18.725	1.251
18.750	1.131
18.775	1.554
18.800	1.074
18.825	1.724
18.850	1.371
18.875	1.590
18.900	1.427
18.925	1.293
18.950	1.681
18.975	0.785
19.000	1.025
19.025	0.715
19.050	0.588
19.075	0.743
19.100	0.489
19.125	0.376
19.150	0.602
19.175	0.178
19.200	0.362
19.225	0.221
19.250	0.574
19.275	0.538
19.300	0.214
19.325	0.849
19.350	0.058
19.375	0.588
19.400	0.566
19.425	0.051
19.450	0.623
19.475	0.432
19.500	0.454
19.525	0.425
19.550	0.616
19.575	0.729
19.600	0.432
19.625	0.658
19.650	0.933
19.675	0.397
19.700	1.194
19.725	0.559
19.750	1.096
19.775	0.877
19.800	1.004
19.825	0.976
19.850	0.376
19.875	0.524
19.900	0.228
19.925	0.693
19.950	0.482
19.975	0.411
20.000	0.341
20.025	0.750
20.050	0.171
20.075	0.496
20.100	0.136
20.125	0.736
20.150	0.743
20.175	0.355
20.200	1.089
20.225	0.940
20.250	1.082
20.275	0.693
20.300	1.082
20.325	1.103
20.350	0.877
20.375	0.785
20.400	0.489
20.425	0.376
20.450	0.552
20.475	0.192
20.500	0.574
20.525	0.644
20.550	0.334
20.575	1.074
20.600	0.912
20.625	1.279
20.650	0.969
20.675	0.990
20.700	1.364
20.725	1.103
20.750	1.166
20.775	0.856
20.800	0.277
20.825	0.531
20.850	0.256
20.875	0.277
20.900	0.489
20.925	0.016
20.950	0.376
20.975	-0.245
21.000	0.503
21.025	0.291
21.050	0.538
21.075	1.279
21.100	0.750
21.125	0.792
21.150	0.806
21.175	0.679
21.200	0.976
21.225	0.277
21.250	0.425
21.275	0.439
21.300	0.263
21.325	0.185
21.350	-0.217
21.375	0.475
21.400	0.397
21.425	0.143
21.450	0.799
21.475	0.722
21.500	1.216
21.525	0.940
21.550	1.357
21.575	1.307
21.600	1.060
21.625	1.272
21.650	1.237
21.675	1.180
21.700	1.568
21.725	1.251
21.750	0.976
21.775	1.011
21.800	0.531
21.825	0.926
21.850	0.178
21.875	0.764
21.900	-0.062
21.925	0.545
21.950	0.806
21.975	0.813
22.000	0.806
22.025	1.089
22.050	1.117
22.075	1.194
22.100	1.420
22.125	1.632
22.150	1.293
22.175	1.096
22.200	1.336
22.225	0.482
22.250	1.194
22.275	0.616
22.300	0.341
22.325	0.454
22.350	0.390
22.375	0.757
22.400	0.277
22.425	0.785
22.450	0.002
22.475	1.046
22.500	0.214
22.525	1.053
22.550	1.074
22.575	1.237
22.600	1.216
22.625	1.674
22.650	1.336
22.675	1.653
22.700	1.498
22.725	1.519
22.750	1.717
22.775	1.145
22.800	1.329
22.825	1.611
22.850	1.590
22.875	1.223
22.900	1.272
22.925	1.018
22.950	1.470
22.975	0.686
23.000	1.067
23.025	0.842
23.050	0.482
23.075	0.651
23.100	0.073
23.125	0.679
23.150	0.743
23.175	0.940
23.200	1.237
23.225	0.771
23.250	0.820
23.275	0.820
23.300	0.644
23.325	0.976
23.350	0.545
23.375	1.124
23.400	0.651
23.425	0.524
23.450	0.566
23.475	0.672
23.500	1.032
23.525	0.531
23.550	1.230
23.575	1.392
23.600	0.842
23.625	1.209
23.650	0.813
23.675	0.940
23.700	0.672
23.725	0.030
23.750	0.940
23.775	0.037
23.800	0.454
23.825	0.334
23.850	0.178
23.875	0.425
23.900	-0.287
23.925	0.009
23.950	-0.160
23.975	-0.457
24.000	0.009
24.025	-0.090
24.050	-0.118
24.075	0.376
24.100	-0.224
24.125	0.517
24.150	0.178
24.175	0.701
24.200	0.475
24.225	0.602
24.250	0.588
24.275	0.044
24.300	0.644
24.325	0.651
24.350	0.510
24.375	0.658
24.400	0.764
24.425	0.376
24.450	0.503
24.475	-0.393
24.500	0.531
24.525	-0.153
24.550	0.305
24.575	0.094
24.600	-0.584
24.625	0.425
24.650	-0.316
24.675	0.475
24.700	0.835
24.725	0.672
24.750	0.806
24.775	0.729
24.800	1.519
24.825	1.378
24.850	1.187
24.875	2.161
24.900	0.919
24.925	1.787
24.950	1.159
24.975	1.533
25.000	1.180
25.025	1.350
25.050	1.470
25.075	1.103
25.100	1.265
25.125	1.470
25.150	1.350
25.175	1.067
25.200	1.477
25.225	0.947
25.250	1.625
25.275	0.856
25.300	1.399
25.325	0.990
25.350	1.194
25.375	1.463
25.400	1.343
25.425	1.279
25.450	0.736
25.475	0.750
25.500	0.503
25.525	0.489
25.550	0.630
25.575	0.651
25.600	0.517
25.625	1.117
25.650	0.425
25.675	0.912
25.700	0.679
25.725	0.884
25.750	0.877
25.775	0.715
25.800	0.637
25.825	0.235
25.850	0.305
25.875	0.475
25.900	0.058
25.925	0.235
25.950	0.425
25.975	0.150
26.000	0.905
26.025	0.729
26.050	1.350
26.075	0.792
26.100	1.060
26.125	0.623
26.150	0.891
26.175	0.870
26.200	0.835
26.225	0.708
26.250	1.279
26.275	0.658
26.300	1.293
26.325	0.877
26.350	0.355
26.375	0.792
26.400	0.108
26.425	0.729
26.450	0.178
26.475	0.701
26.500	0.404
26.525	0.778
26.550	1.011
26.575	1.216
26.600	1.180
26.625	1.364
26.650	1.173
26.675	1.787
26.700	1.653
26.725	1.096
26.750	1.364
26.775	1.089
26.800	1.561
26.825	0.715
26.850	1.265
26.875	1.688
26.900	1.096
26.925	1.117
26.950	1.237
26.975	0.990
27.000	1.230
27.025	0.722
27.050	1.378
27.075	0.806
27.100	1.025
27.125	0.715
27.150	0.178
27.175	0.806
27.200	-0.005
27.225	0.468
27.250	0.651
27.275	0.595
27.300	0.820
27.325	0.933
27.350	0.870
27.375	1.505
27.400	1.032
27.425	1.844
27.450	1.300
27.475	1.357
27.500	1.702
27.525	1.681
27.550	1.872
27.575	1.858
27.600	1.928
27.625	2.196
27.650	2.076
27.675	1.441
27.700	1.470
27.725	0.983
27.750	1.046
27.775	0.080
27.800	1.110
27.825	0.312
27.850	0.969
27.875	0.616
27.900	0.348
27.925	0.665
27.950	0.877
27.975	0.785
28.000	0.997
28.025	0.552
28.050	0.686
28.075	0.425
28.100	0.334
28.125	0.468
28.150	0.009
28.175	0.891
28.200	0.157
28.225	0.729
28.250	0.701
28.275	0.192
28.300	0.962
28.325	0.877
28.350	0.919
28.375	1.321
28.400	0.940
28.425	1.463
28.450	0.990
28.475	0.792
28.500	0.736
28.525	0.813
28.550	1.046
28.575	0.411
28.600	0.813
28.625	0.736
28.650	0.454
28.675	0.298
28.700	0.305
28.725	0.341
28.750	0.355
28.775	-0.238
28.800	0.503
28.825	-0.026
28.850	0.468
28.875	0.094
28.900	0.094
28.925	0.376
28.950	-0.344
28.975	0.235
29.000	0.263
29.025	0.263
29.050	0.291
29.075	0.171
29.100	0.581
29.125	0.489
29.150	-0.097
29.175	0.729
29.200	-0.189
29.225	0.108
29.250	-0.083
29.275	0.030
29.300	0.256
29.325	0.164
29.350	0.432
29.375	0.736
29.400	0.094
29.425	0.630
29.450	0.051
29.475	0.249
29.500	0.143
29.525	-0.054
29.550	0.009
29.575	-0.132
29.600	-0.301
29.625	-0.725
29.650	-1.127
29.675	-0.139
29.700	-0.626
29.725	-0.167
29.750	0.171
29.775	-0.040
29.800	0.644
29.825	-0.160
29.850	0.200
29.875	0.122
29.900	-0.132
29.925	0.284
29.950	0.468
29.975	0.517
30.000	1.272
30.025	0.898
30.050	1.710
30.075	1.216
30.100	1.646
30.125	1.025
30.150	1.053
30.175	1.604
30.200	1.583
30.225	1.858
30.250	1.858
30.275	1.731
30.300	2.281
30.325	1.773
30.350	2.154
30.375	2.098
30.400	1.329
30.425	1.639
30.450	1.470
30.475	1.611
30.500	1.392
30.525	1.336
30.550	1.639
30.575	1.039
30.600	0.926
30.625	0.940
30.650	0.468
30.675	0.792
30.700	0.143
30.725	0.686
30.750	0.559
30.775	0.115
30.800	0.256
30.825	0.404
30.850	0.552
30.875	1.103
30.900	0.432
30.925	1.399
30.950	0.898
30.975	0.792
31.000	0.997
31.025	0.200
31.050	0.842
31.075	0.073
31.100	0.383
31.125	0.263
31.150	0.341
31.175	0.503
31.200	0.616
31.225	0.595
31.250	1.117
31.275	0.545
31.300	1.300
31.325	0.637
31.350	1.096
31.375	0.842
31.400	0.870
31.425	0.468
31.450	0.538
31.475	0.531
31.500	0.094
31.525	-0.153
31.550	0.475
31.575	-0.266
31.600	-0.309
31.625	-0.132
31.650	-0.005
31.675	0.129
31.700	-0.309
31.725	0.545
31.750	0.658
31.775	0.263
31.800	1.018
31.825	0.475
31.850	0.461
31.875	0.235
31.900	0.058
31.925	0.446
31.950	-0.231
31.975	-0.196
32.000	-0.534
32.025	-0.351
32.050	-0.040
32.075	-0.076
32.100	-0.217
32.125	0.143
32.150	-0.245
32.175	0.679
32.200	0.087
32.225	0.665
32.250	0.475
32.275	0.439
32.300	0.940
32.325	0.256
32.350	0.538
32.375	0.376
32.400	0.517
32.425	0.574
32.450	0.574
32.475	0.658
32.500	0.771
32.525	0.503
32.550	1.202
32.575	0.517
32.600	1.124
32.625	0.616
32.650	1.632
32.675	0.588
32.700	0.820
32.725	0.538
32.750	0.672
32.775	-0.189
32.800	0.390
32.825	-0.111
32.850	0.609
32.875	0.277
32.900	0.376
32.925	0.877
32.950	0.651
32.975	0.686
33.000	1.053
33.025	1.124
33.050	0.912
33.075	0.672
33.100	1.180
33.125	0.806
33.150	0.411
33.175	0.658
33.200	0.658
33.225	0.609
33.250	0.228
33.275	0.312
33.300	0.178
33.325	-0.153
33.350	0.334
33.375	0.221
33.400	-0.351
33.425	0.341
33.450	-0.132
33.475	0.397
33.500	-0.118
33.525	0.037
33.550	0.228
33.575	0.178
33.600	0.390
33.625	0.757
33.650	0.023
33.675	0.475
33.700	-0.083
33.725	0.482
33.750	0.143
33.775	0.192
33.800	0.305
33.825	-0.612
33.850	0.009
33.875	0.094
33.900	-0.069
33.925	0.235
33.950	-0.386
33.975	0.263
34.000	-0.104
34.025	0.277
34.050	0.270
34.075	-0.527
34.100	0.087
34.125	-0.577
34.150	0.058
34.175	0.545
34.200	0.122
34.225	-0.132
34.250	-0.146
34.275	-0.287
34.300	0.080
34.325	-0.555
34.350	0.192
34.375	-0.160
34.400	0.108
34.425	0.080
34.450	0.143
34.475	0.185
34.500	0.644
34.525	0.235
34.550	1.145
34.575	0.080
34.600	1.138
34.625	0.898
34.650	0.976
34.675	1.004
34.700	0.327
34.725	1.032
34.750	0.461
34.775	0.334
34.800	0.905
34.825	0.538
34.850	0.736
34.875	0.757
34.900	0.750
34.925	1.244
34.950	0.439
34.975	1.117
35.000	0.475
35.025	0.348
35.050	0.475
35.075	0.150
35.100	0.334
35.125	-0.174
35.150	-0.280
35.175	0.256
35.200	-0.436
35.225	0.277
35.250	0.228
35.275	0.284
35.300	0.270
35.325	0.242
35.350	0.362
35.375	-0.104
35.400	0.030
35.425	0.489
35.450	-0.069
35.475	0.715
35.500	0.214
35.525	0.574
35.550	0.637
35.575	0.835
35.600	1.272
35.625	1.244
35.650	0.919
35.675	1.470
35.700	0.962
35.725	1.004
35.750	0.609
35.775	0.990
35.800	0.828
35.825	0.390
35.850	0.630
35.875	0.672
35.900	0.425
35.925	0.609
35.950	0.446
35.975	1.138
36.000	0.418
36.025	0.651
36.050	1.025
36.075	0.531
36.100	0.559
36.125	0.969
36.150	0.813
36.175	0.785
36.200	0.828
36.225	1.032
36.250	0.955
36.275	0.305
36.300	0.997
36.325	-0.217
36.350	0.708
36.375	-0.097
36.400	0.672
36.425	0.637
36.450	0.073
36.475	0.870
36.500	0.736
36.525	0.701
36.550	1.138
36.575	1.018
36.600	1.660
36.625	0.962
36.650	1.575
36.675	1.632
36.700	1.336
36.725	1.187
36.750	1.110
36.775	0.665
36.800	0.976
36.825	0.376
36.850	0.863
36.875	0.397
36.900	0.616
36.925	1.350
36.950	0.792
36.975	0.898
37.000	0.806
37.025	0.679
37.050	1.251
37.075	0.510
37.100	1.216
37.125	0.955
37.150	0.623
37.175	1.293
37.200	0.898
37.225	1.293
37.250	1.378
37.275	1.237
37.300	1.724
37.325	1.074
37.350	1.688
37.375	1.336
37.400	1.216
37.425	0.792
37.450	0.997
37.475	1.152
37.500	0.679
37.525	0.898
37.550	1.477
37.575	0.693
37.600	0.813
37.625	0.849
37.650	0.517
37.675	0.679
37.700	0.715
37.725	1.216
37.750	0.701
37.775	1.145
37.800	1.300
37.825	1.067
37.850	0.870
37.875	0.828
37.900	0.510
37.925	0.708
37.950	0.037
37.975	0.623
38.000	0.263
38.025	0.715
38.050	0.828
38.075	0.757
38.100	1.223
38.125	1.096
38.150	1.074
38.175	1.293
38.200	0.545
38.225	1.702
38.250	1.103
38.275	1.293
38.300	1.413
38.325	1.660
38.350	1.660
38.375	1.498
38.400	1.329
38.425	1.851
38.450	1.152
38.475	2.034
38.500	1.258
38.525	1.681
38.550	1.533
38.575	1.470
38.600	1.844
38.625	1.279
38.650	1.265
38.675	1.653
38.700	0.933
38.725	1.187
38.750	0.976
38.775	1.392
38.800	1.244
38.825	0.616
38.850	1.399
38.875	0.715
38.900	1.004
38.925	0.672
38.950	0.933
38.975	1.159
39.000	0.990
39.025	1.314
39.050	1.279
39.075	0.743
39.100	1.505
39.125	1.265
39.150	1.427
39.175	0.990
39.200	0.877
39.225	0.933
39.250	0.390
39.275	0.214
39.300	0.538
39.325	0.461
39.350	0.503
39.375	0.595
39.400	0.616
39.425	0.404
39.450	0.214
39.475	0.305
39.500	0.129
39.525	0.080
39.550	0.411
39.575	0.270
39.600	1.011
39.625	0.185
39.650	0.962
39.675	0.404
39.700	0.341
39.725	0.644
39.750	0.489
39.775	0.510
39.800	0.750
39.825	0.545
39.850	1.307
39.875	0.489
39.900	1.103
39.925	0.771
39.950	0.743
39.975	0.524
40.000	0.503
40.025	0.785
40.050	0.962
40.075	0.263
40.100	0.489
40.125	0.432
40.150	0.390
40.175	0.157
40.200	0.058
40.225	0.461
40.250	-0.062
40.275	-0.619
40.300	-0.104
40.325	-0.901
40.350	-0.330
40.375	-0.711
40.400	0.009
40.425	-0.033
40.450	-0.026
40.475	0.792
40.500	0.574
40.525	0.856
40.550	0.997
40.575	0.319
40.600	0.990
40.625	0.595
40.650	1.166
40.675	0.581
40.700	0.503
40.725	0.630
40.750	0.602
40.775	0.475
40.800	0.990
40.825	0.362
40.850	1.011
40.875	0.348
40.900	0.764
40.925	0.842
40.950	0.256
40.975	0.679
41.000	0.637
41.025	0.334
41.050	0.708
41.075	-0.090
41.100	0.538
41.125	-0.231
41.150	0.454
41.175	0.489
41.200	0.284
41.225	0.334
41.250	0.524
41.275	0.715
41.300	1.307
41.325	0.609
41.350	1.350
41.375	0.933
41.400	1.533
41.425	1.314
41.450	0.983
41.475	0.856
41.500	0.955
41.525	1.067
41.550	1.209
41.575	0.468
41.600	1.237
41.625	0.559
41.650	0.983
41.675	0.658
41.700	0.778
41.725	0.644
41.750	0.743
41.775	0.813
41.800	0.905
41.825	0.376
41.850	0.898
41.875	0.214
41.900	0.750
41.925	0.418
41.950	0.454
41.975	0.397
42.000	0.312
42.025	0.708
42.050	0.722
42.075	0.545
42.100	0.849
42.125	0.150
42.150	0.030
42.175	0.136
42.200	0.221
42.225	0.200
42.250	0.256
42.275	0.439
42.300	0.616
42.325	0.192
42.350	0.778
42.375	0.376
42.400	0.715
42.425	0.369
42.450	0.136
42.475	0.334
42.500	0.235
42.525	0.531
42.550	0.588
42.575	0.136
42.600	1.053
42.625	0.334
42.650	1.067
42.675	0.214
42.700	0.693
42.725	0.298
42.750	0.651
42.775	0.729
42.800	0.609
42.825	0.574
42.850	1.025
42.875	0.376
42.900	1.131
42.925	0.588
42.950	0.912
42.975	1.216
43.000	0.686
43.025	0.884
43.050	0.912
43.075	0.595
43.100	1.216
43.125	0.439
43.150	0.743
43.175	0.496
43.200	0.877
43.225	0.863
43.250	0.489
43.275	1.194
43.300	1.110
43.325	0.785
43.350	1.321
43.375	0.785
43.400	1.364
43.425	0.820
43.450	0.990
43.475	0.969
43.500	0.919
43.525	0.658
43.550	0.828
43.575	0.432
43.600	1.251
43.625	0.376
43.650	1.004
43.675	0.200
43.700	0.743
43.725	0.820
43.750	0.835
43.775	1.463
43.800	1.145
43.825	1.131
43.850	1.695
43.875	1.124
43.900	0.884
43.925	1.505
43.950	1.237
43.975	2.288
44.000	1.639
44.025	1.731
44.050	1.216
44.075	1.265
44.100	1.180
44.125	0.524
44.150	0.813
44.175	0.087
44.200	0.009
44.225	0.383
44.250	-0.358
44.275	-0.189
44.300	-0.273
44.325	0.256
44.350	0.129
44.375	-0.316
44.400	0.312
44.425	0.249
44.450	0.228
44.475	0.263
44.500	0.566
44.525	0.404
44.550	-0.026
44.575	0.559
44.600	0.849
44.625	0.319
44.650	1.258
44.675	1.103
44.700	1.258
44.725	1.583
44.750	1.540
44.775	1.914
44.800	0.884
44.825	1.512
44.850	1.321
44.875	1.237
44.900	1.441
44.925	1.336
44.950	1.272
44.975	1.597
45.000	0.919
45.025	1.653
45.050	0.863
45.075	1.554
45.100	0.898
45.125	1.011
45.150	1.321
45.175	1.371
45.200	1.216
45.225	1.413
45.250	1.032
45.275	1.710
45.300	0.955
45.325	1.491
45.350	1.096
45.375	1.307
45.400	1.357
45.425	1.194
45.450	1.082
45.475	1.583
45.500	1.124
45.525	1.653
45.550	0.722
45.575	1.350
45.600	1.202
45.625	1.378
45.650	1.512
45.675	1.307
45.700	1.477
45.725	1.547
45.750	1.124
45.775	1.766
45.800	1.321
45.825	1.660
45.850	1.011
45.875	1.082
45.900	1.392
45.925	0.679
45.950	0.990
45.975	0.912
46.000	0.588
46.025	0.863
46.050	-0.153
46.075	0.679
46.100	0.087
46.125	0.376
46.150	0.319
46.175	1.018
46.200	0.454
46.225	0.792
46.250	0.990
46.275	1.166
46.300	1.173
46.325	1.138
46.350	1.583
46.375	1.307
46.400	1.773
46.425	0.955
46.450	1.413
46.475	1.258
46.500	0.644
46.525	0.898
46.550	0.616
46.575	0.736
46.600	0.171
46.625	0.108
46.650	0.574
46.675	-0.132
46.700	0.129
46.725	0.157
46.750	-0.054
46.775	0.284
46.800	0.312
46.825	0.884
46.850	0.376
46.875	0.757
46.900	1.519
46.925	0.404
46.950	1.484
46.975	0.983
47.000	1.350
47.025	1.110
47.050	1.505
47.075	1.420
47.100	1.364
47.125	1.209
47.150	1.611
47.175	0.912
47.200	1.604
47.225	0.976
47.250	1.187
47.275	1.145
47.300	1.131
47.325	1.131
47.350	1.046
47.375	0.877
47.400	1.279
47.425	0.228
47.450	1.152
47.475	0.828
47.500	1.025
47.525	0.863
47.550	0.764
47.575	0.905
47.600	0.898
47.625	0.616
47.650	0.898
47.675	0.475
47.700	1.336
47.725	0.976
47.750	1.025
47.775	1.166
47.800	0.912
47.825	1.060
47.850	0.799
47.875	1.159
47.900	1.089
47.925	0.362
47.950	1.032
47.975	0.566
48.000	0.559
48.025	0.454
48.050	0.284
48.075	0.559
48.100	0.016
48.125	0.454
48.150	0.341
48.175	0.023
48.200	0.510
48.225	0.482
48.250	0.693
48.275	1.180
48.300	0.510
48.325	1.519
48.350	0.574
48.375	1.237
48.400	0.658
48.425	1.096
48.450	0.813
48.475	0.651
48.500	0.312
48.525	0.630
48.550	-0.485
48.575	0.503
48.600	-0.083
48.625	0.150
48.650	0.009
48.675	0.002
48.700	0.228
48.725	0.065
48.750	0.037
48.775	0.411
48.800	-0.097
48.825	0.630
48.850	-0.054
48.875	0.305
48.900	1.180
48.925	0.623
48.950	1.427
48.975	1.096
49.000	1.533
49.025	1.484
49.050	0.792
49.075	1.773
49.100	1.667
49.125	1.533
49.150	1.498
49.175	1.399
49.200	1.724
49.225	1.343
49.250	0.799
49.275	1.216
49.300	0.849
49.325	0.884
49.350	0.729
49.375	0.771
49.400	1.082
49.425	0.185
49.450	0.905
49.475	0.249
49.500	0.679
49.525	0.411
49.550	0.157
49.575	0.729
49.600	0.291
49.625	0.115
49.650	0.404
49.675	0.023
49.700	0.552
49.725	-0.344
49.750	0.214
49.775	-0.118
49.800	-0.238
49.825	-0.287
49.850	-0.146
49.875	-0.393
49.900	0.044
49.925	-0.499
49.950	0.242
49.975	-0.379
50.000	0.291
50.025	0.630
50.050	0.792
50.075	1.279
50.100	0.771
50.125	1.039
50.150	1.117
50.175	1.145
50.200	1.371
50.225	1.329
50.250	1.752
50.275	1.378
50.300	1.300
50.325	0.919
50.350	1.173
50.375	1.166
50.400	0.842
50.425	0.820
50.450	0.665
50.475	0.334
50.500	0.221
50.525	0.475
50.550	-0.167
50.575	0.736
50.600	-0.104
50.625	0.404
50.650	0.750
50.675	0.312
50.700	0.651
50.725	0.637
50.750	1.251
50.775	1.223
50.800	1.180
50.825	1.801
50.850	1.540
50.875	1.477
50.900	1.674
50.925	1.470
50.950	1.300
50.975	0.863
51.000	1.180
51.025	0.828
51.050	1.124
51.075	1.336
51.100	1.074
51.125	0.884
51.150	1.780
51.175	0.856
51.200	1.420
51.225	1.463
51.250	1.321
51.275	0.905
51.300	1.011
51.325	1.194
51.350	1.159
51.375	1.067
51.400	1.251
51.425	1.314
51.450	1.336
51.475	0.207
51.500	0.439
51.525	0.997
51.550	0.411
51.575	0.715
51.600	0.249
51.625	0.461
51.650	0.616
51.675	0.461
51.700	0.235
51.725	0.489
51.750	0.545
51.775	0.799
51.800	0.630
51.825	0.630
51.850	0.327
51.875	0.341
51.900	0.228
51.925	-0.012
51.950	0.221
51.975	0.390
52.000	-0.316
52.025	0.192
52.050	0.185
52.075	0.016
52.100	0.312
52.125	0.792
52.150	0.736
52.175	0.298
52.200	0.616
52.225	0.574
52.250	0.736
52.275	0.912
52.300	0.581
52.325	0.312
52.350	0.355
52.375	-0.160
52.400	-0.062
52.425	-0.252
52.450	-0.026
52.475	-0.309
52.500	-0.287
52.525	0.242
52.550	-0.167
52.575	0.461
52.600	0.708
52.625	0.425
52.650	0.376
52.675	0.263
52.700	-0.069
52.725	0.122
52.750	-0.132
52.775	0.524
52.800	-0.224
52.825	0.101
52.850	0.065
52.875	-0.640
52.900	-0.287
52.925	-0.280
52.950	-0.457
52.975	0.178
53.000	-0.965
53.025	0.369
53.050	-0.316
53.075	0.037
53.100	0.122
53.125	0.242
53.150	0.820
53.175	0.595
53.200	0.425
53.225	0.757
53.250	0.327
53.275	0.545
53.300	0.235
53.325	0.708
53.350	0.411
53.375	0.489
53.400	1.053
53.425	0.708
53.450	1.237
53.475	1.082
53.500	1.180
53.525	1.173
53.550	1.307
53.575	0.969
53.600	1.371
53.625	1.053
53.650	1.392
53.675	0.701
53.700	0.891
53.725	0.298
53.750	0.637
53.775	0.524
53.800	0.418
53.825	0.065
53.850	0.538
53.875	0.129
53.900	0.701
53.925	0.750
53.950	0.686
53.975	0.715
54.000	0.552
54.025	1.230
54.050	0.623
54.075	0.912
54.100	1.216
54.125	0.962
54.150	1.138
54.175	1.046
54.200	1.230
54.225	1.625
54.250	0.849
54.275	1.512
54.300	1.011
54.325	1.413
54.350	1.681
54.375	0.658
54.400	1.448
54.425	10.558
54.450	1.039
54.475	0.644
54.500	0.559
54.525	0.722
54.550	-0.076
54.575	0.108
54.600	0.080
54.625	-0.330
54.650	-0.280
54.675	-0.436
54.700	0.341
54.725	-0.132
54.750	0.256
54.775	0.609
54.800	0.432
54.825	0.291
54.850	0.969
54.875	0.030
54.900	0.997
54.925	0.023
54.950	0.693
54.975	0.369
55.000	0.708
55.025	0.284
55.050	0.842
55.075	1.039
55.100	1.427
55.125	1.858
55.150	1.801
55.175	1.801
55.200	1.900
55.225	2.048
55.250	1.279
55.275	1.844
55.300	47.567
55.325	1.773
55.350	1.209
55.375	0.334
55.400	0.905
55.425	0.743
55.450	0.362
55.475	0.933
55.500	1.173
55.525	1.441
55.550	1.025
55.575	1.533
55.600	1.964
55.625	1.498
55.650	1.646
55.675	1.752
55.700	2.112
55.725	2.084
55.750	1.505
55.775	2.182
55.800	2.211
55.825	2.246
55.850	2.493
55.875	2.203
55.900	2.493
55.925	1.872
55.950	1.780
55.975	1.519
56.000	1.420
56.025	1.350
56.050	1.046
56.075	0.813
56.100	1.011
56.125	0.235
56.150	0.623
56.175	-0.040
56.200	0.383
56.225	0.708
56.250	0.277
56.275	0.940
56.300	0.588
56.325	1.237
56.350	0.870
56.375	0.870
56.400	1.237
56.425	0.510
56.450	0.686
56.475	1.025
56.500	0.461
56.525	1.329
56.550	0.743
56.575	1.067
56.600	1.420
56.625	1.265
56.650	1.251
56.675	1.082
56.700	1.364
56.725	1.300
56.750	0.644
56.775	1.441
56.800	0.327
56.825	0.595
56.850	0.432
56.875	0.524
56.900	0.983
56.925	0.609
56.950	0.750
56.975	0.496
57.000	0.065
57.025	0.933
57.050	0.701
57.075	0.799
57.100	0.912
57.125	0.108
57.150	0.990
57.175	0.545
57.200	0.940
57.225	0.679
57.250	0.531
57.275	1.032
57.300	0.566
57.325	1.138
57.350	0.785
57.375	0.644
57.400	1.329
57.425	0.933
57.450	0.750
57.475	1.089
57.500	0.411
57.525	1.392
57.550	0.432
57.575	0.856
57.600	0.574
57.625	0.828
57.650	1.152
57.675	0.926
57.700	1.427
57.725	1.399
57.750	1.406
57.775	1.780
57.800	1.484
57.825	1.378
57.850	1.187
57.875	1.110
57.900	1.554
57.925	0.926
57.950	1.399
57.975	1.448
58.000	1.166
58.025	1.463
58.050	1.096
58.075	0.813
58.100	1.053
58.125	0.305
58.150	0.566
58.175	-0.026
58.200	0.644
58.225	0.390
58.250	0.496
58.275	0.432
58.300	0.672
58.325	0.757
58.350	0.813
58.375	0.969
58.400	1.166
58.425	1.251
58.450	0.947
58.475	1.300
58.500	1.046
58.525	1.441
58.550	0.602
58.575	0.912
58.600	0.623
58.625	0.559
58.650	1.159
58.675	0.785
58.700	0.926
58.725	1.526
58.750	0.214
58.775	0.538
58.800	0.552
58.825	0.087
58.850	0.679
58.875	0.065
58.900	0.616
58.925	-0.090
58.950	0.397
58.975	0.362
59.000	0.425
59.025	1.279
59.050	0.658
59.075	0.623
59.100	1.046
59.125	0.651
59.150	0.813
59.175	0.334
59.200	0.708
59.225	1.202
59.250	0.863
59.275	1.533
59.300	1.138
59.325	1.583
59.350	1.456
59.375	1.166
59.400	1.392
59.425	1.286
59.450	0.990
59.475	1.399
59.500	0.940
59.525	1.434
59.550	1.434
59.575	1.441
59.600	1.717
59.625	1.639
59.650	2.062
59.675	1.336
59.700	1.554
59.725	1.406
59.750	1.032
59.775	0.750
59.800	0.538
59.825	0.101
59.850	0.672
59.875	-0.245
59.900	0.341
59.925	0.397
59.950	0.545
59.975	0.475
60.000	0.263
60.025	0.905
60.050	0.849
60.075	0.581
60.100	0.898
60.125	0.919
60.150	1.096
60.175	1.378
60.200	1.314
60.225	2.387
60.250	1.660
60.275	2.006
60.300	1.202
60.325	1.519
60.350	1.124
60.375	0.679
60.400	0.729
60.425	0.644
60.450	0.905
60.475	0.778
60.500	0.828
60.525	0.983
60.550	1.103
60.575	0.813
60.600	0.905
60.625	0.369
60.650	0.940
60.675	0.319
60.700	0.432
60.725	0.362
60.750	0.291
60.775	0.919
60.800	0.743
60.825	0.531
60.850	0.602
60.875	0.693
60.900	0.792
60.925	0.715
60.950	0.729
60.975	1.110
61.000	0.397
61.025	1.025
61.050	0.651
61.075	0.877
61.100	1.089
61.125	0.750
61.150	1.216
61.175	0.940
61.200	0.538
61.225	0.510
61.250	0.439
61.275	0.743
61.300	0.178
61.325	0.411
61.350	1.131
61.375	0.305
61.400	1.074
61.425	0.581
61.450	0.955
61.475	1.307
61.500	1.082
61.525	1.187
61.550	1.096
61.575	0.835
61.600	1.053
61.625	0.432
61.650	1.131
61.675	1.258
61.700	1.505
61.725	2.415
61.750	1.244
61.775	1.914
61.800	1.427
61.825	1.801
61.850	-10.568
61.875	1.985
61.900	1.893
61.925	14.157
61.950	2.401
61.975	2.239
62.000	2.352
62.025	2.295
62.050	2.098
62.075	1.830
62.100	2.542
62.125	1.801
62.150	-26.967
62.175	1.935
62.200	2.006
62.225	2.937
62.250	2.479
62.275	2.549
62.300	3.022
62.325	3.347
62.350	3.128
62.375	2.747
62.400	3.078
62.425	2.486
62.450	2.345
62.475	2.740
62.500	2.182
62.525	-45.031
62.550	1.985
62.575	1.724
62.600	1.914
62.625	1.844
62.650	1.759
62.675	1.787
62.700	1.604
62.725	2.034
62.750	1.879
62.775	1.815
62.800	1.717
62.825	1.350
62.850	1.724
62.875	0.912
62.900	1.399
62.925	0.701
62.950	0.771
62.975	0.566
63.000	0.348
63.025	1.046
63.050	0.616
63.075	0.672
63.100	0.778
63.125	0.708
63.150	0.729
63.175	0.912
63.200	0.517
63.225	1.025
63.250	0.228
63.275	0.933
63.300	0.355
63.325	0.425
63.350	0.976
63.375	0.750
63.400	0.701
63.425	0.729
63.450	0.905
63.475	1.300
63.500	1.251
63.525	1.251
63.550	1.357
63.575	0.686
63.600	1.279
63.625	0.461
63.650	1.074
63.675	1.074
63.700	0.912
63.725	0.665
63.750	0.708
63.775	0.623
63.800	0.482
63.825	0.799
63.850	0.976
63.875	1.025
63.900	1.067
63.925	1.364
63.950	0.820
63.975	1.378
64.000	0.552
64.025	0.376
64.050	0.764
64.075	1.131
64.100	0.284
64.125	0.806
64.150	0.820
64.175	0.524
64.200	0.644
64.225	0.355
64.250	0.256
64.275	0.312
64.300	0.715
64.325	0.164
64.350	0.898
64.375	0.884
64.400	1.159
64.425	1.406
64.450	1.110
64.475	1.300
64.500	0.771
64.525	1.378
64.550	0.905
64.575	0.686
64.600	1.237
64.625	0.715
64.650	1.159
64.675	0.990
64.700	0.439
64.725	1.166
64.750	0.771
64.775	0.672
64.800	0.940
64.825	0.531
64.850	1.187
64.875	0.207
64.900	0.771
64.925	0.468
64.950	0.750
64.975	0.743
65.000	0.432
65.025	0.722
65.050	0.708
65.075	0.073
65.100	0.602
65.125	0.510
65.150	0.771
65.175	0.806
65.200	0.651
65.225	1.067
65.250	-0.090
65.275	0.651
65.300	0.136
65.325	-0.047
65.350	0.439
65.375	-0.062
65.400	0.432
65.425	0.221
65.450	0.214
65.475	0.171
65.500	0.200
65.525	-0.033
65.550	0.411
65.575	-0.330
65.600	0.312
65.625	0.348
65.650	0.411
65.675	0.919
65.700	0.693
65.725	1.336
65.750	0.630
65.775	1.053
65.800	1.498
65.825	1.209
65.850	1.879
65.875	1.357
65.900	1.434
65.925	1.667
65.950	0.849
65.975	1.470
66.000	0.933
66.025	1.145
66.050	0.411
66.075	0.630
66.100	0.983
66.125	0.178
66.150	0.686
66.175	0.503
66.200	-0.012
66.225	0.842
66.250	0.595
66.275	1.103
66.300	1.237
66.325	1.067
66.350	1.032
66.375	1.039
66.400	0.609
66.425	1.159
66.450	1.004
66.475	1.230
66.500	0.651
66.525	0.665
66.550	1.180
66.575	0.228
66.600	0.940
66.625	0.475
66.650	0.884
66.675	0.806
66.700	0.686
66.725	0.820
66.750	0.870
66.775	0.538
66.800	1.046
66.825	0.856
66.850	1.117
66.875	1.159
66.900	0.884
66.925	1.321
66.950	0.319
66.975	1.110
67.000	0.376
67.025	0.757
67.050	0.658
67.075	0.319
67.100	0.940
67.125	0.312
67.150	0.122
67.175	0.178
67.200	0.291
67.225	0.341
67.250	0.792
67.275	0.778
67.300	0.715
67.325	0.722
67.350	0.750
67.375	0.263
67.400	0.489
67.425	0.454
67.450	0.475
67.475	1.067
67.500	0.757
67.525	1.018
67.550	1.801
67.575	0.933
67.600	1.067
67.625	0.933
67.650	1.011
67.675	1.103
67.700	0.828
67.725	1.082
67.750	0.799
67.775	0.489
67.800	0.715
67.825	0.023
67.850	0.665
67.875	0.136
67.900	0.122
67.925	0.129
67.950	0.256
67.975	1.082
68.000	0.736
68.025	1.194
68.050	1.371
68.075	1.314
68.100	1.166
68.125	1.209
68.150	0.602
68.175	1.413
68.200	1.237
68.225	1.456
68.250	1.512
68.275	1.216
68.300	1.794
68.325	1.124
68.350	1.639
68.375	1.307
68.400	1.491
68.425	1.321
68.450	1.202
68.475	1.110
68.500	1.272
68.525	1.343
68.550	1.378
68.575	0.969
68.600	1.180
68.625	0.983
68.650	0.319
68.675	0.390
68.700	-0.090
68.725	0.503
68.750	0.503
68.775	0.115
68.800	0.637
68.825	0.087
68.850	0.722
68.875	0.214
68.900	0.228
68.925	0.489
68.950	0.312
68.975	0.574
69.000	0.446
69.025	0.877
69.050	1.244
69.075	1.314
69.100	0.037
69.125	1.456
69.150	0.856
69.175	1.526
69.200	0.736
69.225	1.166
69.250	0.362
69.275	0.383
69.300	0.482
69.325	0.284
69.350	0.630
69.375	0.369
69.400	0.630
69.425	0.651
69.450	0.884
69.475	1.025
69.500	1.025
69.525	1.194
69.550	0.334
69.575	-0.118
69.600	0.658
69.625	0.531
69.650	0.164
69.675	0.446
69.700	0.030
69.725	0.101
69.750	0.397
69.775	-0.344
69.800	0.319
69.825	-0.591
69.850	0.016
69.875	-0.309
69.900	-0.986
69.925	-0.584
69.950	41.781
69.975	-27.087
70.000	-0.287
70.025	-0.231
70.050	0.009
70.075	0.207
70.100	0.115
70.125	0.771
70.150	0.249
70.175	1.209
70.200	1.110
70.225	1.321
70.250	1.731
70.275	0.926
70.300	1.646
70.325	1.011
70.350	1.293
70.375	1.117
70.400	0.976
70.425	1.314
70.450	0.722
70.475	0.870
70.500	1.216
70.525	0.454
70.550	0.319
70.575	0.164
70.600	-0.125
70.625	0.369
70.650	-0.047
70.675	0.073
70.700	-0.033
70.725	-0.118
70.750	0.312
70.775	-0.506
70.800	0.037
70.825	-0.457
70.850	0.065
70.875	-0.287
70.900	-0.393
70.925	0.228
70.950	0.122
70.975	-0.203
71.000	0.044
71.025	-0.054
71.050	0.362
71.075	0.404
71.100	0.341
71.125	0.616
71.150	0.574
71.175	0.969
71.200	0.545
71.225	0.658
71.250	1.321
71.275	0.411
71.300	1.025
71.325	0.404
71.350	0.715
71.375	0.411
71.400	0.284
71.425	0.489
71.450	0.545
71.475	0.651
71.500	0.919
71.525	0.764
71.550	0.884
71.575	1.166
71.600	0.955
71.625	1.180
71.650	0.249
71.675	0.574
71.700	0.715
71.725	0.319
71.750	0.877
71.775	-0.189
71.800	0.446
71.825	-0.054
71.850	-0.005
71.875	-0.083
71.900	-0.217
71.925	0.425
71.950	0.334
71.975	0.581
72.000	0.461
72.025	0.404
72.050	0.538
72.075	0.701
72.100	0.799
72.125	0.997
72.150	0.884
72.175	1.166
72.200	0.559
72.225	0.235
72.250	0.799
72.275	0.207
72.300	0.947
72.325	0.390
72.350	0.439
72.375	0.510
72.400	0.376
72.425	0.637
72.450	0.771
72.475	0.686
72.500	1.152
72.525	1.004
72.550	1.110
72.575	0.919
72.600	0.616
72.625	0.665
72.650	0.813
72.675	0.905
72.700	0.715
72.725	0.454
72.750	1.018
72.775	0.390
72.800	0.665
72.825	1.067
72.850	0.270
72.875	0.962
72.900	0.404
72.925	0.806
72.950	0.446
72.975	0.884
73.000	0.531
73.025	0.566
73.050	0.842
73.075	0.898
73.100	0.609
73.125	1.011
73.150	0.842
73.175	0.729
73.200	0.990
73.225	0.051
73.250	0.658
73.275	0.157
73.300	0.235
73.325	0.736
73.350	0.108
73.375	0.813
73.400	0.418
73.425	0.672
73.450	1.251
73.475	0.757
73.500	0.940
73.525	1.046
73.550	1.138
73.575	1.018
73.600	0.884
73.625	1.124
73.650	0.919
73.675	0.870
73.700	0.616
73.725	0.362
73.750	0.552
73.775	0.538
73.800	0.087
73.825	0.799
73.850	0.115
73.875	0.806
73.900	0.863
73.925	0.602
73.950	0.602
73.975	0.665
74.000	1.371
74.025	1.025
74.050	1.272
74.075	1.392
74.100	1.237
74.125	1.329
74.150	1.082
74.175	0.863
74.200	1.060
74.225	1.046
74.250	1.300
74.275	1.519
74.300	1.300
74.325	1.851
74.350	1.745
74.375	1.590
74.400	1.731
74.425	1.180
74.450	1.314
74.475	0.291
74.500	0.609
74.525	0.157
74.550	-0.217
74.575	-0.294
74.600	-0.294
74.625	0.178
74.650	-0.104
74.675	-0.139
74.700	-0.160
74.725	-0.245
74.750	-0.379
74.775	-0.379
74.800	-0.210
74.825	0.192
74.850	0.108
74.875	-0.167
74.900	0.073
74.925	-19.727
74.950	-20.249
74.975	37.287
75.000	-7.576
75.025	22.426
75.050	10.586
75.075	-30.347
75.100	34.718
75.125	-9.637
75.150	0.080
75.175	0.051
75.200	0.764
75.225	0.595
75.250	1.237
75.275	1.667
75.300	1.321
75.325	2.027
75.350	1.957
75.375	2.747
75.400	2.796
75.425	2.846
75.450	3.050
75.475	2.895
75.500	3.078
75.525	3.142
75.550	3.304
75.575	3.114
75.600	3.022
75.625	2.465
75.650	2.754
75.675	1.787
75.700	2.274
75.725	1.512
75.750	1.526
75.775	1.710
75.800	1.554
75.825	1.618
75.850	1.413
75.875	1.371
75.900	1.124
75.925	0.602
75.950	0.750
75.975	0.665
76.000	0.764
76.025	0.729
76.050	0.729
76.075	0.785
76.100	0.785
76.125	0.602
76.150	0.722
76.175	-0.125
76.200	0.439
76.225	0.489
76.250	0.348
76.275	0.665
76.300	0.242
76.325	0.679
76.350	0.143
76.375	0.136
76.400	0.185
76.425	0.115
76.450	0.813
76.475	0.538
76.500	0.806
76.525	0.312
76.550	0.658
76.575	0.602
76.600	0.736
76.625	0.933
76.650	1.032
76.675	0.870
76.700	0.743
76.725	-0.252
76.750	-0.294
76.775	0.200
76.800	0.362
76.825	0.849
76.850	0.715
76.875	0.101
76.900	0.693
76.925	-0.301
76.950	0.319
76.975	0.468
77.000	0.178
77.025	0.623
77.050	-0.174
77.075	0.341
77.100	-0.174
77.125	-0.160
77.150	0.263
77.175	-0.111
77.200	0.263
77.225	-0.238
77.250	20.373
77.275	-20.934
77.300	3.946
77.325	0.256
77.350	0.058
77.375	0.058
77.400	0.411
77.425	-0.196
77.450	-0.118
77.475	0.256
77.500	-0.182
77.525	0.566
77.550	0.023
77.575	0.242
77.600	0.835
77.625	0.475
77.650	1.230
77.675	0.799
77.700	0.990
77.725	0.983
77.750	0.912
77.775	1.025
77.800	0.877
77.825	1.117
77.850	0.806
77.875	1.519
77.900	0.475
77.925	0.341
77.950	0.355
77.975	0.418
78.000	0.228
78.025	0.369
78.050	0.221
78.075	0.094
78.100	0.058
78.125	-0.139
78.150	-0.478
78.175	-0.217
78.200	-0.534
78.225	0.058
78.250	-0.104
78.275	-0.365
78.300	-0.076
78.325	-0.725
78.350	0.122
78.375	0.065
78.400	0.164
78.425	0.334
78.450	0.073
78.475	0.623
78.500	-0.217
78.525	-0.019
78.550	-0.280
78.575	-0.019
78.600	-0.457
78.625	-0.675
78.650	-0.555
78.675	-0.351
78.700	-0.203
78.725	-0.182
78.750	-0.527
78.775	-0.555
78.800	-0.443
78.825	-0.231
78.850	-0.238
78.875	-0.139
78.900	-0.344
78.925	0.489
78.950	-0.450
78.975	0.228
79.000	0.221
79.025	0.185
79.050	0.926
79.075	0.277
79.100	0.820
79.125	0.461
79.150	0.778
79.175	1.456
79.200	1.456
79.225	1.801
79.250	1.194
79.275	1.314
79.300	1.470
79.325	0.701
79.350	1.279
79.375	0.729
79.400	0.806
79.425	0.369
79.450	0.983
79.475	0.270
79.500	0.341
79.525	0.764
79.550	0.461
79.575	0.397
79.600	0.418
79.625	0.489
79.650	0.157
79.675	0.764
79.700	0.743
79.725	0.856
79.750	1.060
79.775	0.828
79.800	1.293
79.825	0.425
79.850	0.842
79.875	0.947
79.900	0.715
79.925	1.046
79.950	0.228
79.975	0.524
80.000	0.115
80.025	0.228
80.050	0.665
80.075	-0.026
80.100	-0.054
80.125	0.073
80.150	-0.146
80.175	0.849
80.200	0.235
80.225	0.312
80.250	0.905
80.275	0.143
80.300	0.545
80.325	0.609
80.350	0.856
80.375	1.187
80.400	0.771
80.425	1.251
80.450	1.202
80.475	1.173
80.500	1.230
80.525	0.736
80.550	1.216
80.575	0.080
80.600	0.581
80.625	-0.287
80.650	0.009
80.675	0.729
80.700	-0.450
80.725	0.214
80.750	-0.301
80.775	-0.337
80.800	0.411
80.825	0.009
80.850	0.489
80.875	0.588
80.900	0.538
80.925	0.446
80.950	0.602
80.975	0.940
81.000	1.138
81.025	0.905
81.050	1.032
81.075	0.828
81.100	1.025
81.125	0.856
81.150	0.983
81.175	0.884
81.200	0.969
81.225	0.905
81.250	0.701
81.275	0.849
81.300	0.813
81.325	0.157
81.350	0.701
81.375	0.665
81.400	0.284
81.425	0.319
81.450	-0.083
81.475	0.637
81.500	0.658
81.525	0.291
81.550	1.039
81.575	0.545
81.600	1.216
81.625	1.336
81.650	1.286
81.675	1.427
81.700	1.152
81.725	1.639
81.750	1.180
81.775	1.420
81.800	1.357
81.825	1.512
81.850	1.258
81.875	1.477
81.900	1.420
81.925	1.837
81.950	1.830
81.975	2.246
82.000	2.084
82.025	0.856
82.050	1.766
82.075	1.491
82.100	1.808
82.125	1.632
82.150	0.990
82.175	1.336
82.200	0.588
82.225	1.053
82.250	0.976
82.275	0.319
82.300	0.750
82.325	0.122
82.350	0.256
82.375	0.623
82.400	0.136
82.425	0.482
82.450	0.348
82.475	0.912
82.500	0.411
82.525	0.792
82.550	1.025
82.575	0.856
82.600	1.060
82.625	0.602
82.650	1.357
82.675	1.279
82.700	0.926
82.725	0.835
82.750	0.701
82.775	0.905
82.800	0.757
82.825	0.482
82.850	0.595
82.875	0.623
82.900	-0.245
82.925	0.503
82.950	0.334
82.975	0.235
83.000	0.461
83.025	-0.062
83.050	0.538
83.075	-0.139
83.100	0.425
83.125	0.715
83.150	0.150
83.175	1.103
83.200	0.771
83.225	1.456
83.250	1.604
83.275	1.279
83.300	2.020
83.325	1.477
83.350	1.907
83.375	1.385
83.400	1.258
83.425	1.441
83.450	1.350
83.475	1.618
83.500	1.209
83.525	1.314
83.550	1.625
83.575	1.343
83.600	1.568
83.625	1.279
83.650	1.166
83.675	1.399
83.700	0.955
83.725	1.286
83.750	0.785
83.775	0.418
83.800	0.912
83.825	0.503
83.850	0.828
83.875	1.046
83.900	0.157
83.925	0.820
83.950	0.630
83.975	0.531
84.000	0.962
84.025	0.305
84.050	1.032
84.075	0.764
84.100	0.588
84.125	1.046
84.150	0.432
84.175	1.032
84.200	0.200
84.225	0.686
84.250	0.319
84.275	0.200
84.300	0.658
84.325	0.065
84.350	0.602
84.375	0.362
84.400	0.524
84.425	0.446
84.450	0.334
84.475	0.842
84.500	0.559
84.525	0.686
84.550	0.757
84.575	0.376
84.600	0.891
84.625	0.588
84.650	-0.252
84.675	0.503
84.700	0.087
84.725	0.595
84.750	0.665
84.775	0.221
84.800	0.715
84.825	0.319
84.850	0.298
84.875	0.693
84.900	0.051
84.925	0.792
