0.000	-143.792
0.025	-44.897
0.050	-10.039
0.075	-48.926
0.100	-12.050
0.125	-1.325
0.150	-31.532
0.175	31.698
0.200	-26.847
0.225	10.904
0.250	15.758
0.275	-24.737
0.300	36.278
0.325	-24.081
0.350	12.513
0.375	14.488
0.400	-28.978
0.425	36.687
0.450	-22.719
0.475	8.018
0.500	8.603
0.525	-26.473
0.550	37.237
0.575	-24.885
0.600	12.033
0.625	13.190
0.650	-24.081
0.675	42.692
0.700	-18.894
0.725	16.153
0.750	15.144
0.775	-18.775
0.800	41.690
0.825	-17.243
0.850	24.000
0.875	17.021
0.900	-16.128
0.925	41.922
0.950	-14.760
0.975	14.192
1.000	16.626
1.025	-21.364
1.050	42.741
1.075	-12.925
1.100	12.682
1.125	19.837
1.150	-21.216
1.175	43.454
1.200	-15.380
1.225	17.268
1.250	19.117
1.275	-22.006
1.300	38.775
1.325	-23.142
1.350	21.678
1.375	10.777
1.400	15.871
1.425	34.330
1.450	-20.764
1.475	21.163
1.500	15.286
1.525	-13.511
1.550	38.027
1.575	-23.474
1.600	20.542
1.625	10.586
1.650	-18.161
1.675	38.550
1.700	-23.813
1.725	21.918
1.750	14.806
1.775	-18.831
1.800	38.013
1.825	-25.774
1.850	23.061
1.875	19.378
1.900	-15.642
1.925	37.244
1.950	-19.904
1.975	32.947
2.000	12.280
2.025	-14.788
2.050	38.112
2.075	-22.331
2.100	15.977
2.125	13.613
2.150	-17.194
2.175	36.510
2.200	-19.847
2.225	21.481
2.250	13.747
2.275	-15.352
2.300	39.015
2.325	-20.884
2.350	25.750
2.375	16.217
2.400	-17.243
2.425	40.180
2.450	-20.179
2.475	15.377
2.500	14.735
2.525	-19.339
2.550	19.279
2.575	19.971
2.600	20.041
2.625	19.618
2.650	20.161
2.675	20.126
2.700	20.302
2.725	20.274
2.750	19.660
2.775	20.077
2.800	19.625
2.825	19.505
2.850	19.011
2.875	18.355
2.900	17.734
2.925	20.535
2.950	16.196
2.975	15.751
3.000	14.905
3.025	13.832
3.050	12.745
3.075	11.856
3.100	11.193
3.125	10.727
3.150	10.029
3.175	9.090
3.200	8.236
3.225	7.665
3.250	6.430
3.275	6.684
3.300	5.760
3.325	5.351
3.350	4.250
3.375	3.114
3.400	2.831
3.425	1.865
3.450	1.646
3.475	1.096
3.500	0.588
3.525	0.609
3.550	0.277
3.575	0.030
3.600	-0.174
3.625	-0.633
3.650	-0.450
3.675	-1.501
3.700	-1.183
3.725	-1.261
3.750	-1.289
3.775	-1.430
3.800	-2.362
3.825	-2.411
3.850	-2.658
3.875	-2.418
3.900	-1.953
3.925	-2.581
3.950	-2.341
3.975	-2.185
4.000	-2.073
4.025	-1.529
4.050	-1.600
4.075	-1.670
4.100	-1.452
4.125	-1.459
4.150	-1.557
4.175	-1.713
4.200	-1.445
4.225	-1.670
4.250	-1.946
4.275	-1.699
4.300	-1.734
4.325	-1.296
4.350	-0.739
4.375	-0.979
4.400	-0.372
4.425	-0.301
4.450	0.037
4.475	0.327
4.500	0.362
4.525	0.729
4.550	0.609
4.575	0.715
4.600	0.658
4.625	0.397
4.650	0.242
4.675	-0.534
4.700	-0.661
4.725	-0.753
4.750	-1.085
4.775	-0.471
4.800	-0.894
4.825	-0.725
4.850	-0.513
4.875	-0.464
4.900	0.214
4.925	-0.076
4.950	0.023
4.975	-0.252
5.000	-0.520
5.025	-0.626
5.050	-0.471
5.075	-0.210
5.100	-0.287
5.125	-0.880
5.150	-0.436
5.175	-1.035
5.200	-0.795
5.225	-0.393
5.250	-0.633
5.275	-0.062
5.300	-0.527
5.325	-0.372
5.350	0.312
5.375	-0.062
5.400	0.693
5.425	0.630
5.450	0.771
5.475	1.237
5.500	0.383
5.525	0.390
5.550	0.073
5.575	-0.033
5.600	0.150
5.625	-0.231
5.650	0.432
5.675	0.037
5.700	-0.033
5.725	0.312
5.750	0.094
5.775	0.877
5.800	0.566
5.825	0.771
5.850	1.039
5.875	0.192
5.900	0.651
5.925	0.651
5.950	1.258
5.975	-10.618
6.000	0.574
6.025	1.117
6.050	0.623
6.075	0.397
6.100	0.623
6.125	0.178
6.150	0.341
6.175	-0.330
6.200	-0.287
6.225	-0.273
6.250	-0.788
6.275	-0.541
6.300	-1.219
6.325	-1.861
6.350	-2.094
6.375	-2.856
6.400	-2.249
6.425	-2.863
6.450	-2.390
6.475	-2.411
6.500	-2.630
6.525	-1.882
6.550	-2.263
6.575	-1.776
6.600	-1.663
6.625	-1.910
6.650	-1.684
6.675	-1.402
6.700	-1.007
6.725	-0.555
6.750	-1.332
6.775	-0.577
6.800	-0.358
6.825	-0.541
6.850	-0.697
6.875	-0.668
6.900	0.080
6.925	-0.520
6.950	-0.555
6.975	-0.189
7.000	-0.316
7.025	0.150
7.050	-0.309
7.075	-0.054
7.100	0.200
7.125	0.044
7.150	0.291
7.175	-0.083
7.200	-0.386
7.225	-0.499
7.250	-0.873
7.275	0.164
7.300	-0.414
7.325	-0.287
7.350	0.037
7.375	-0.104
7.400	0.150
7.425	0.284
7.450	0.729
7.475	0.820
7.500	0.940
7.525	1.293
7.550	1.223
7.575	1.357
7.600	1.385
7.625	0.609
7.650	0.524
7.675	-0.203
7.700	-0.400
7.725	0.065
7.750	-0.626
7.775	-0.555
7.800	-0.986
7.825	-0.859
7.850	0.051
7.875	-0.563
7.900	-0.259
7.925	-0.577
7.950	-0.612
7.975	0.002
8.000	-1.120
8.025	-0.266
8.050	-0.301
8.075	-0.810
8.100	-0.584
8.125	-0.993
8.150	-0.986
8.175	-1.176
8.200	-1.134
8.225	-0.414
8.250	-0.605
8.275	-0.344
8.300	-0.280
8.325	0.030
8.350	0.750
8.375	0.256
8.400	0.701
8.425	0.298
8.450	0.334
8.475	0.813
8.500	-0.224
8.525	-0.760
8.550	-1.254
8.575	-1.543
8.600	-1.536
8.625	-1.840
8.650	-1.332
8.675	-1.543
8.700	-1.677
8.725	-1.318
8.750	-1.543
8.775	-1.078
8.800	-1.162
8.825	-0.922
8.850	-0.993
8.875	-0.767
8.900	-0.146
8.925	-0.125
8.950	-0.076
8.975	-0.203
9.000	-1.049
9.025	-0.697
9.050	-0.873
9.075	-0.612
9.100	-0.111
9.125	-0.654
9.150	-0.076
9.175	0.058
9.200	0.200
9.225	0.933
9.250	0.178
9.275	0.461
9.300	0.143
9.325	-0.605
9.350	-0.824
9.375	-1.064
9.400	-1.282
9.425	-1.875
9.450	-2.073
9.475	-1.967
9.500	-2.658
9.525	-2.305
9.550	-2.411
9.575	-2.249
9.600	-1.833
9.625	-2.178
9.650	-1.543
9.675	-1.826
9.700	-1.861
9.725	-1.332
9.750	-1.677
9.775	-1.113
9.800	-1.289
9.825	-1.910
9.850	-2.270
9.875	-2.058
9.900	-1.473
9.925	-1.303
9.950	-0.901
9.975	-0.640
10.000	-0.718
10.025	-0.301
10.050	-0.421
10.075	-0.203
10.100	0.418
10.125	-0.316
10.150	0.051
10.175	-0.951
10.200	-1.332
10.225	-0.810
10.250	-1.254
10.275	-1.035
10.300	-1.741
10.325	-2.087
10.350	-2.136
10.375	-2.729
10.400	-2.263
10.425	-2.334
10.450	-2.390
10.475	-1.917
10.500	-2.884
10.525	-2.016
10.550	-2.065
10.575	-2.108
10.600	-2.002
10.625	-2.164
10.650	-2.418
10.675	-2.715
10.700	-2.411
10.725	-2.214
10.750	-2.588
10.775	-2.016
10.800	-1.868
10.825	-1.797
10.850	-1.247
10.875	-1.247
10.900	-0.859
10.925	-0.443
10.950	-0.203
10.975	0.319
11.000	0.044
11.025	0.348
11.050	0.214
11.075	-0.570
11.100	-0.541
11.125	-0.591
11.150	-0.965
11.175	-1.205
11.200	-1.586
11.225	-1.600
11.250	-2.065
11.275	-1.543
11.300	-1.713
11.325	-1.543
11.350	-1.268
11.375	-1.515
11.400	-1.007
11.425	-0.873
11.450	-0.845
11.475	-0.563
11.500	-1.183
11.525	-1.423
11.550	-1.501
11.575	-1.692
11.600	-1.522
11.625	-1.332
11.650	-0.986
11.675	-0.979
11.700	-0.929
11.725	-0.203
11.750	-0.499
11.775	-0.104
11.800	0.136
11.825	0.058
11.850	0.693
11.875	0.023
11.900	0.080
11.925	-0.104
11.950	-0.464
11.975	-0.323
12.000	-1.254
12.025	-1.360
12.050	-1.529
12.075	-1.099
12.100	-1.148
12.125	-1.677
12.150	-1.459
12.175	-1.120
12.200	-1.332
12.225	-1.078
12.250	-1.247
12.275	-0.986
12.300	-0.760
12.325	-1.120
12.350	-0.633
12.375	-0.781
12.400	-0.866
12.425	-1.127
12.450	-1.014
12.475	-0.280
12.500	-0.774
12.525	-0.428
12.550	-0.266
12.575	-0.633
12.600	-0.146
12.625	0.002
12.650	0.482
12.675	0.771
12.700	0.341
12.725	1.039
12.750	0.990
12.775	1.329
12.800	1.357
12.825	0.235
12.850	0.552
12.875	-0.132
12.900	-0.238
12.925	-0.443
12.950	-0.824
12.975	-0.612
13.000	-0.795
13.025	-40.733
13.050	-0.548
13.075	-0.739
13.100	-0.301
13.125	-0.499
13.150	-0.224
13.175	-0.668
13.200	-0.492
13.225	0.058
13.250	0.080
13.275	-0.076
13.300	0.065
13.325	-0.033
13.350	-0.217
13.375	-0.894
13.400	-0.605
13.425	-0.605
13.450	-0.929
13.475	-0.633
13.500	-0.266
13.525	0.214
13.550	0.065
13.575	-0.280
13.600	0.129
13.625	-0.111
13.650	0.178
13.675	0.411
13.700	0.087
13.725	0.051
13.750	-0.379
13.775	0.171
13.800	0.630
13.825	0.016
13.850	0.291
13.875	0.256
13.900	0.178
13.925	0.362
13.950	0.566
13.975	1.202
14.000	1.060
14.025	1.124
14.050	1.202
14.075	0.926
14.100	1.251
14.125	0.912
14.150	0.411
14.175	0.108
14.200	-0.802
14.225	-0.386
14.250	-0.781
14.275	-0.704
14.300	-0.527
14.325	-0.753
14.350	-0.365
14.375	-0.379
14.400	-0.139
14.425	0.016
14.450	-0.012
14.475	0.284
14.500	0.115
14.525	-0.189
14.550	0.009
14.575	-0.457
14.600	-0.725
14.625	-1.360
14.650	-1.120
14.675	-1.522
14.700	-2.094
14.725	-1.642
14.750	-1.677
14.775	-1.819
14.800	-1.374
14.825	-1.550
14.850	-0.986
14.875	-1.000
14.900	-0.802
14.925	-0.612
14.950	-0.711
14.975	-0.259
15.000	-0.400
15.025	-0.231
15.050	-0.612
15.075	-0.965
15.100	-0.972
15.125	-0.908
15.150	-0.527
15.175	-0.555
15.200	-1.028
15.225	-0.795
15.250	-1.014
15.275	-1.176
15.300	-0.675
15.325	-0.951
15.350	-0.478
15.375	-0.612
15.400	-0.478
15.425	-0.069
15.450	-0.019
15.475	0.305
15.500	-0.485
15.525	-0.570
15.550	-0.090
15.575	-0.859
15.600	-0.725
15.625	-0.711
15.650	-0.965
15.675	-0.711
15.700	-1.007
15.725	-0.781
15.750	-0.675
15.775	-0.986
15.800	-0.880
15.825	-0.492
15.850	-0.513
15.875	-0.513
15.900	-0.428
15.925	-0.457
15.950	-1.134
15.975	-0.866
16.000	-0.323
16.025	-1.289
16.050	-0.880
16.075	-1.183
16.100	-1.360
16.125	-1.388
16.150	-0.711
16.175	-0.400
16.200	-0.831
16.225	-0.499
16.250	-0.316
16.275	0.044
16.300	0.785
16.325	0.461
16.350	0.545
16.375	1.357
16.400	0.228
16.425	0.566
16.450	0.489
16.475	0.771
16.500	0.588
16.525	-0.577
16.550	0.312
16.575	-0.273
16.600	-3.724
16.625	-0.132
16.650	-0.294
16.675	0.178
16.700	-0.337
16.725	-0.224
16.750	0.094
16.775	-0.076
16.800	0.475
16.825	-0.443
16.850	-0.273
16.875	-0.400
16.900	-1.064
16.925	-0.654
16.950	-0.682
16.975	-1.042
17.000	-0.929
17.025	-1.127
17.050	-0.485
17.075	-0.570
17.100	-0.464
17.125	-0.372
17.150	-0.358
17.175	0.327
17.200	0.150
17.225	0.291
17.250	0.468
17.275	-0.598
17.300	-0.224
17.325	-0.217
17.350	-0.203
17.375	-0.788
17.400	-1.261
17.425	-1.014
17.450	-1.607
17.475	-1.875
17.500	-2.058
17.525	-1.783
17.550	-1.374
17.575	-1.663
17.600	-1.614
17.625	-1.247
17.650	-1.388
17.675	-0.894
17.700	-1.254
17.725	-1.727
17.750	-1.522
17.775	-1.713
17.800	-1.621
17.825	-1.910
17.850	-1.699
17.875	-0.810
17.900	-1.395
17.925	-1.198
17.950	-0.760
17.975	-0.555
18.000	0.037
18.025	-0.047
18.050	0.595
18.075	0.559
18.100	0.475
18.125	1.152
18.150	0.679
18.175	1.336
18.200	0.926
18.225	0.221
18.250	-0.076
18.275	-0.280
18.300	0.023
18.325	0.051
18.350	0.101
18.375	0.672
18.400	0.630
18.425	1.046
18.450	0.792
18.475	1.089
18.500	1.399
18.525	1.441
18.550	1.336
18.575	0.877
18.600	0.538
18.625	0.404
18.650	0.051
18.675	-0.040
18.700	0.192
18.725	-0.337
18.750	-0.372
18.775	-0.739
18.800	-1.402
18.825	-1.254
18.850	-1.339
18.875	-0.767
18.900	-0.929
18.925	-1.134
18.950	-0.859
18.975	-0.555
19.000	-0.217
19.025	-0.280
19.050	-0.118
19.075	0.489
19.100	-0.189
19.125	0.446
19.150	0.588
19.175	0.693
19.200	0.552
19.225	-0.174
19.250	0.503
19.275	-0.125
19.300	-0.457
19.325	0.051
19.350	-0.196
19.375	0.150
19.400	-0.287
19.425	0.277
19.450	0.651
19.475	0.602
19.500	0.898
19.525	1.103
19.550	1.209
19.575	1.886
19.600	0.778
19.625	1.131
19.650	0.623
19.675	-0.196
19.700	0.390
19.725	0.171
19.750	0.376
19.775	-0.217
19.800	-0.866
19.825	-0.605
19.850	-1.325
19.875	-1.360
19.900	-1.127
19.925	-1.346
19.950	-0.965
19.975	-1.332
20.000	-1.416
20.025	-1.078
20.050	-1.113
20.075	-0.436
20.100	-0.873
20.125	-1.310
20.150	-1.487
20.175	-2.348
20.200	-1.346
20.225	-1.621
20.250	-1.318
20.275	-0.958
20.300	-1.092
20.325	-0.386
20.350	-0.309
20.375	0.065
20.400	0.404
20.425	0.397
20.450	0.856
20.475	0.806
20.500	1.039
20.525	0.969
20.550	0.404
20.575	0.771
20.600	0.531
20.625	0.630
20.650	0.037
20.675	-0.379
20.700	-0.492
20.725	-0.908
20.750	-0.993
20.775	-0.379
20.800	-0.937
20.825	-0.838
20.850	-0.838
20.875	-0.767
20.900	-0.238
20.925	-0.591
20.950	-0.471
20.975	-0.711
21.000	-1.240
21.025	-1.445
21.050	-1.162
21.075	-0.711
21.100	-1.014
21.125	-1.459
21.150	-1.191
21.175	-1.720
21.200	-1.515
21.225	-1.339
21.250	-1.099
21.275	-0.464
21.300	-0.414
21.325	-0.414
21.350	-0.358
21.375	-0.026
21.400	0.390
21.425	0.002
21.450	0.348
21.475	0.468
21.500	-0.273
21.525	-0.464
21.550	-1.183
21.575	-0.915
21.600	-1.254
21.625	-1.480
21.650	-1.325
21.675	-1.769
21.700	-1.183
21.725	-1.332
21.750	-1.169
21.775	-0.534
21.800	-0.901
21.825	-0.316
21.850	-0.365
21.875	-0.478
21.900	-0.280
21.925	-0.436
21.950	0.065
21.975	0.009
22.000	-0.118
22.025	-0.118
22.050	-0.605
22.075	-0.548
22.100	-0.280
22.125	-0.210
22.150	-0.118
22.175	-0.393
22.200	-0.330
22.225	-0.104
22.250	-0.005
22.275	-0.139
22.300	-0.682
22.325	-0.499
22.350	-0.273
22.375	-1.409
22.400	-0.675
22.425	-1.134
22.450	-1.466
22.475	-1.529
22.500	-1.797
22.525	-1.099
22.550	-1.416
22.575	-1.430
22.600	-0.873
22.625	-0.915
22.650	-0.640
22.675	-0.605
22.700	-0.076
22.725	0.305
22.750	35.734
22.775	1.053
22.800	0.531
22.825	0.856
22.850	-14.654
22.875	-0.640
22.900	-0.372
22.925	-0.965
22.950	-1.198
22.975	-1.226
23.000	-1.995
23.025	-1.494
23.050	-2.037
23.075	-1.995
23.100	-1.790
23.125	-2.341
23.150	-1.847
23.175	-1.960
23.200	-1.924
23.225	-2.101
23.250	-2.193
23.275	-1.183
23.300	-1.543
23.325	-2.016
23.350	-1.318
23.375	-1.515
23.400	-1.360
23.425	-1.600
23.450	-1.247
23.475	-0.598
23.500	-0.937
23.525	-0.400
23.550	0.037
23.575	0.637
23.600	0.870
23.625	0.990
23.650	1.420
23.675	1.999
23.700	2.189
23.725	2.429
23.750	2.140
23.775	1.942
23.800	1.413
23.825	0.884
23.850	1.477
23.875	42.120
23.900	1.695
23.925	1.230
23.950	1.159
23.975	1.568
24.000	1.138
24.025	1.583
24.050	14.714
24.075	1.766
24.100	1.618
24.125	1.632
24.150	2.260
24.175	2.366
24.200	2.253
24.225	2.373
24.250	2.062
24.275	1.702
24.300	1.583
24.325	1.681
24.350	1.830
24.375	1.209
24.400	-45.750
24.425	0.849
24.450	1.074
24.475	1.293
24.500	0.891
24.525	1.082
24.550	1.392
24.575	1.117
24.600	1.138
24.625	0.813
24.650	0.418
24.675	-0.118
24.700	-0.513
24.725	-0.245
24.750	-0.337
24.775	-0.323
24.800	-0.344
24.825	-0.647
24.850	-0.301
24.875	-0.450
24.900	-0.393
24.925	-0.344
24.950	-0.492
24.975	-0.104
25.000	-0.400
25.025	-0.379
25.050	-0.203
25.075	-0.499
25.100	-0.563
25.125	-0.739
25.150	-1.289
25.175	-1.423
25.200	-1.741
25.225	-1.487
25.250	-1.670
25.275	-1.289
25.300	-0.852
25.325	-0.937
25.350	0.023
25.375	-0.379
25.400	-0.118
25.425	0.454
25.450	0.552
25.475	0.616
25.500	0.383
25.525	0.369
25.550	0.178
25.575	-0.633
25.600	0.256
25.625	-0.047
25.650	-0.407
25.675	-0.937
25.700	-0.563
25.725	-0.386
25.750	-0.563
25.775	-0.323
25.800	0.009
25.825	0.023
25.850	0.263
25.875	0.277
25.900	0.242
25.925	0.574
25.950	0.284
25.975	0.362
26.000	0.277
26.025	-0.654
26.050	-0.485
26.075	-1.106
26.100	-0.845
26.125	-0.929
26.150	-1.155
26.175	-0.682
26.200	-0.760
26.225	-0.471
26.250	-0.527
26.275	-0.379
26.300	0.200
26.325	0.016
26.350	0.051
26.375	-0.139
26.400	-0.238
26.425	-0.499
26.450	-1.148
26.475	-0.294
26.500	-0.273
26.525	-0.104
26.550	-0.337
26.575	-0.619
26.600	-0.732
26.625	-0.450
26.650	-0.485
26.675	0.263
26.700	0.376
26.725	0.249
26.750	0.446
26.775	0.588
26.800	1.237
26.825	1.103
26.850	1.011
26.875	0.926
26.900	0.369
26.925	0.094
26.950	-0.083
26.975	-0.280
27.000	-0.619
27.025	-0.965
27.050	-0.577
27.075	-1.487
27.100	-1.134
27.125	-0.817
27.150	-1.056
27.175	-0.598
27.200	-0.824
27.225	-0.626
27.250	-0.584
27.275	-0.690
27.300	-0.273
27.325	-0.386
27.350	-0.407
27.375	-0.344
27.400	-0.619
27.425	-0.647
27.450	-1.360
27.475	-1.466
27.500	-1.734
27.525	-0.908
27.550	-1.127
27.575	-0.901
27.600	-0.951
27.625	-0.414
27.650	-0.407
27.675	-0.062
27.700	-0.026
27.725	0.171
27.750	0.065
27.775	-0.146
27.800	0.369
27.825	0.404
27.850	0.369
27.875	0.178
27.900	-0.584
27.925	0.178
27.950	-0.640
27.975	-0.725
28.000	0.058
28.025	-0.619
28.050	-0.485
28.075	-0.753
28.100	-0.436
28.125	0.016
28.150	-0.104
28.175	0.263
28.200	0.214
28.225	0.362
28.250	0.644
28.275	0.566
28.300	0.828
28.325	0.150
28.350	-0.217
28.375	-0.019
28.400	-0.436
28.425	-0.344
28.450	-0.661
28.475	-0.675
28.500	-0.570
28.525	-0.640
28.550	-0.598
28.575	-0.527
28.600	-0.626
28.625	-0.146
28.650	-1.289
28.675	-0.654
28.700	-0.668
28.725	-0.901
28.750	-1.240
28.775	-1.854
28.800	-1.176
28.825	-1.833
28.850	-2.235
28.875	-1.748
28.900	-1.684
28.925	-1.706
28.950	-1.677
28.975	-1.466
29.000	-1.155
29.025	-1.226
29.050	-0.993
29.075	-0.774
29.100	-0.873
29.125	-0.365
29.150	-0.668
29.175	-0.781
29.200	-1.275
29.225	-1.854
29.250	-1.557
29.275	-1.755
29.300	-1.656
29.325	-1.487
29.350	-1.635
29.375	-1.049
29.400	-1.127
29.425	-0.732
29.450	-0.414
29.475	-0.189
29.500	0.192
29.525	-0.090
29.550	0.298
29.575	0.446
29.600	-0.153
29.625	-0.534
29.650	-0.054
29.675	-0.097
29.700	-0.407
29.725	-1.212
29.750	-0.774
29.775	-1.459
29.800	-1.522
29.825	-1.452
29.850	-1.938
29.875	-1.430
29.900	-1.713
29.925	-1.572
29.950	-1.296
29.975	-1.649
30.000	-1.099
30.025	-1.353
30.050	-1.543
30.075	-1.205
30.100	-1.924
30.125	-1.833
30.150	-1.543
30.175	-1.318
30.200	-1.247
30.225	-1.466
30.250	-0.922
30.275	-1.176
30.300	-1.092
30.325	-0.506
30.350	-0.725
30.375	-0.111
30.400	-0.450
30.425	-0.393
30.450	-0.097
30.475	-0.287
30.500	0.319
30.525	0.291
30.550	0.214
30.575	0.334
30.600	-0.520
30.625	-0.414
30.650	-0.541
30.675	-1.198
30.700	-0.570
30.725	-1.092
30.750	-0.640
30.775	-0.690
30.800	-0.951
30.825	-0.421
30.850	-0.436
30.875	0.030
30.900	0.037
30.925	-0.153
30.950	0.221
30.975	-0.704
31.000	-0.647
31.025	-0.224
31.050	-0.111
31.075	-0.224
31.100	-0.711
31.125	-0.570
31.150	-0.852
31.175	-1.049
31.200	-0.436
31.225	-0.612
31.250	-0.414
31.275	-0.224
31.300	-0.083
31.325	0.771
31.350	0.581
31.375	0.496
31.400	0.813
31.425	0.341
31.450	0.919
31.475	0.073
31.500	0.200
31.525	0.087
31.550	-0.231
31.575	-0.076
31.600	-0.464
31.625	0.312
31.650	0.348
31.675	0.023
31.700	0.242
31.725	0.482
31.750	0.531
31.775	0.969
31.800	0.884
31.825	1.343
31.850	0.531
31.875	0.898
31.900	1.216
31.925	0.820
31.950	0.955
31.975	0.207
32.000	0.037
32.025	-0.548
32.050	-1.346
32.075	-1.198
32.100	-1.473
32.125	-2.087
32.150	-1.910
32.175	-2.461
32.200	-1.974
32.225	-2.115
32.250	-2.397
32.275	-1.875
32.300	32.368
32.325	-24.920
32.350	-2.087
32.375	-2.087
32.400	-1.543
32.425	-2.305
32.450	-2.030
32.475	-2.094
32.500	-1.487
32.525	-1.409
32.550	-1.953
32.575	-1.409
32.600	-1.282
32.625	-1.219
32.650	-0.704
32.675	-0.760
32.700	-0.259
32.725	-0.760
32.750	-0.062
32.775	0.263
32.800	-0.097
32.825	0.376
32.850	-0.076
32.875	-0.076
32.900	-0.457
32.925	-0.838
32.950	-0.584
32.975	-0.626
33.000	-1.071
33.025	-0.682
33.050	-0.788
33.075	-0.224
33.100	-0.563
33.125	-0.866
33.150	-0.499
33.175	-0.795
33.200	-0.640
33.225	-0.428
33.250	-0.520
33.275	0.094
33.300	-0.675
33.325	-0.358
33.350	0.263
33.375	0.150
33.400	0.171
33.425	-0.534
33.450	-0.584
33.475	0.073
33.500	-0.421
33.525	-0.189
33.550	-0.393
33.575	-0.661
33.600	-0.555
33.625	-0.506
33.650	-0.019
33.675	0.058
33.700	-0.054
33.725	0.214
33.750	0.242
33.775	0.884
33.800	0.122
33.825	0.270
33.850	0.404
33.875	-0.231
33.900	-0.040
33.925	-0.266
33.950	-0.047
33.975	0.051
34.000	-0.407
34.025	-0.203
34.050	-0.661
34.075	-0.718
34.100	-0.393
34.125	-0.725
34.150	-0.400
34.175	-0.937
34.200	-0.873
34.225	-0.309
34.250	-0.661
34.275	-0.287
34.300	-0.400
34.325	-0.760
34.350	-0.901
34.375	-1.402
34.400	-0.894
34.425	-0.929
34.450	-1.162
34.475	-0.873
34.500	-0.859
34.525	-0.513
34.550	-0.083
34.575	-0.217
34.600	0.200
34.625	0.242
34.650	0.531
34.675	0.785
34.700	0.200
34.725	0.792
34.750	-0.012
34.775	0.291
34.800	0.446
34.825	-0.026
34.850	-0.252
34.875	-1.092
34.900	-1.275
34.925	-1.988
34.950	-1.981
34.975	-1.804
35.000	-2.129
35.025	-2.432
35.050	17.798
35.075	32.284
35.100	-20.708
35.125	37.011
35.150	-2.030
35.175	-1.981
35.200	-2.355
35.225	-2.496
35.250	-3.187
35.275	-2.644
35.300	4.271
35.325	29.101
35.350	-2.221
35.375	-2.341
35.400	-2.228
35.425	-1.931
35.450	-2.143
35.475	-1.593
35.500	-1.748
35.525	-1.261
35.550	-0.795
35.575	-0.690
35.600	0.228
35.625	0.242
35.650	0.418
35.675	0.962
35.700	0.828
35.725	1.209
35.750	0.602
35.775	0.228
35.800	0.404
35.825	-0.160
35.850	0.305
35.875	-0.012
35.900	-0.026
35.925	0.009
35.950	-0.294
35.975	0.094
36.000	0.087
36.025	0.009
36.050	0.672
36.075	0.446
36.100	0.270
36.125	0.369
36.150	0.454
36.175	0.468
36.200	0.009
36.225	0.157
36.250	0.461
36.275	0.630
36.300	0.404
36.325	-0.040
36.350	0.157
36.375	-0.301
36.400	-0.393
36.425	-0.294
36.450	-0.845
36.475	-0.859
36.500	-1.014
36.525	-1.106
36.550	-0.725
36.575	-1.120
36.600	-1.028
36.625	-1.071
36.650	-1.826
36.675	-1.854
36.700	-2.270
36.725	-1.487
36.750	-2.030
36.775	-2.136
36.800	-1.480
36.825	-1.268
36.850	-1.360
36.875	-1.035
36.900	-0.795
36.925	-0.400
36.950	-0.661
36.975	-0.252
37.000	0.235
37.025	-0.393
37.050	0.284
37.075	-0.351
37.100	-0.210
37.125	-0.287
37.150	-0.866
37.175	-0.661
37.200	-1.826
37.225	-2.087
37.250	-2.559
37.275	-2.912
37.300	-2.432
37.325	25.016
37.350	-19.530
37.375	4.518
37.400	-3.060
37.425	-2.651
37.450	-3.011
37.475	-2.806
37.500	-2.693
37.525	-2.708
37.550	-2.919
37.575	-2.856
37.600	-15.543
37.625	7.884
37.650	24.903
37.675	-1.452
37.700	-1.790
37.725	-1.607
37.750	-1.677
37.775	-1.557
37.800	-1.557
37.825	-1.762
37.850	-1.473
37.875	-0.316
37.900	-0.570
37.925	-0.118
37.950	-0.301
37.975	0.334
38.000	1.039
38.025	0.743
38.050	1.307
38.075	1.463
38.100	0.849
38.125	0.933
38.150	0.355
38.175	1.237
38.200	41.160
38.225	1.110
38.250	0.912
38.275	0.348
38.300	0.496
38.325	0.221
38.350	0.376
38.375	1.166
38.400	0.242
38.425	0.828
38.450	0.835
38.475	0.877
38.500	1.321
38.525	0.192
38.550	0.863
38.575	0.616
38.600	0.581
38.625	0.298
38.650	-0.351
38.675	-0.802
38.700	-1.692
38.725	-1.543
38.750	-1.769
38.775	-1.946
38.800	-1.755
38.825	-2.073
38.850	-2.143
38.875	-1.889
38.900	-2.037
38.925	-1.684
38.950	-1.833
38.975	-1.720
39.000	-1.261
39.025	-2.185
39.050	-1.466
39.075	-1.452
39.100	-1.783
39.125	-1.677
39.150	-1.946
39.175	-1.028
39.200	-1.593
39.225	-1.289
39.250	-0.753
39.275	-0.788
39.300	-0.196
39.325	-0.174
39.350	0.362
39.375	0.771
39.400	0.637
39.425	1.237
39.450	0.983
39.475	1.336
39.500	1.371
39.525	0.418
39.550	1.053
39.575	0.192
39.600	-0.090
39.625	-0.132
39.650	-0.309
39.675	-0.104
39.700	-0.527
39.725	-0.365
39.750	-0.033
39.775	0.327
39.800	0.122
39.825	-0.443
39.850	-0.146
39.875	-0.160
39.900	-0.139
39.925	-0.069
39.950	-0.612
39.975	-0.915
40.000	-1.254
40.025	-1.797
40.050	-1.056
40.075	-1.734
40.100	-1.741
40.125	-1.572
40.150	-1.692
40.175	-1.600
40.200	-1.494
40.225	-1.360
40.250	-1.007
40.275	-1.233
40.300	-0.788
40.325	-0.873
40.350	-0.894
40.375	-0.718
40.400	-1.402
40.425	-0.697
40.450	-1.078
40.475	-0.929
40.500	-1.318
40.525	-2.065
40.550	-1.649
40.575	-1.720
40.600	-1.593
40.625	-0.577
40.650	-1.586
40.675	-0.887
40.700	-0.901
40.725	-0.598
40.750	0.009
40.775	-0.330
40.800	0.023
40.825	-0.012
40.850	0.087
40.875	-0.640
40.900	-0.407
40.925	-0.203
40.950	-0.196
40.975	-0.866
41.000	-0.915
41.025	-1.064
41.050	-1.042
41.075	-1.325
41.100	-1.515
41.125	-1.692
41.150	-1.854
41.175	-1.183
41.200	-1.268
41.225	-1.099
41.250	-0.690
41.275	-1.134
41.300	-0.471
41.325	-0.457
41.350	-0.266
41.375	0.101
41.400	-0.421
41.425	-0.767
41.450	-1.572
41.475	-1.649
41.500	-1.607
41.525	-1.995
41.550	-1.670
41.575	-1.896
41.600	-2.065
41.625	-1.318
41.650	-1.550
41.675	-1.148
41.700	-1.226
41.725	-1.169
41.750	-0.273
41.775	-0.520
41.800	-0.019
41.825	-0.118
41.850	-0.344
41.875	-0.372
41.900	-0.132
41.925	0.319
41.950	-0.104
41.975	-0.337
42.000	-0.104
42.025	-0.929
42.050	-0.570
42.075	-0.492
42.100	-0.330
42.125	0.094
42.150	-0.358
42.175	0.235
42.200	0.221
42.225	0.369
42.250	0.291
42.275	-0.196
42.300	0.446
42.325	0.242
42.350	-0.372
42.375	-0.033
42.400	-0.937
42.425	-0.922
42.450	-0.986
42.475	-1.226
42.500	-0.443
42.525	-0.951
42.550	-0.506
42.575	-0.640
42.600	-0.901
42.625	-0.337
42.650	-0.534
42.675	-0.019
42.700	0.115
42.725	-0.330
42.750	0.588
42.775	0.334
42.800	0.397
42.825	1.011
42.850	0.630
42.875	1.173
42.900	1.004
42.925	0.940
42.950	0.898
42.975	0.863
43.000	0.926
43.025	0.383
43.050	0.729
43.075	0.792
43.100	0.729
43.125	0.736
43.150	0.242
43.175	0.566
43.200	0.284
43.225	0.030
43.250	0.073
43.275	-0.414
43.300	-0.781
43.325	-1.127
43.350	-1.501
43.375	-0.682
43.400	-1.529
43.425	-1.141
43.450	-1.198
43.475	-1.226
43.500	-0.760
43.525	-1.000
43.550	-0.605
43.575	-0.619
43.600	-0.640
43.625	-0.337
43.650	-0.605
43.675	-0.379
43.700	-0.421
43.725	-0.951
43.750	-0.541
43.775	-0.534
43.800	-0.076
43.825	-0.146
43.850	-0.753
43.875	-0.711
43.900	-1.268
43.925	-0.972
43.950	-0.767
43.975	-0.647
44.000	-0.697
44.025	-1.014
44.050	-0.570
44.075	-0.421
44.100	-0.414
44.125	-0.252
44.150	-0.619
44.175	-0.069
44.200	-0.040
44.225	-0.358
44.250	-0.266
44.275	-1.247
44.300	-1.409
44.325	-1.607
44.350	-1.684
44.375	-1.155
44.400	-1.656
44.425	-1.445
44.450	-1.438
44.475	-1.430
44.500	-1.014
44.525	-1.226
44.550	-0.570
44.575	-0.732
44.600	-0.788
44.625	-0.379
44.650	-0.407
44.675	-0.231
44.700	-0.330
44.725	-0.852
44.750	-0.189
44.775	-0.245
44.800	-0.139
44.825	-0.682
44.850	-0.598
44.875	-0.372
44.900	-1.014
44.925	-0.506
44.950	-0.591
44.975	-0.499
45.000	-0.012
45.025	-0.838
45.050	-0.421
45.075	-0.287
45.100	-0.443
45.125	-0.365
45.150	-0.937
45.175	-0.654
45.200	-0.760
45.225	-1.381
45.250	-1.000
45.275	-1.953
45.300	-1.826
45.325	-2.002
45.350	-2.143
45.375	-1.783
45.400	-2.002
45.425	-1.459
45.450	-1.607
45.475	-1.494
45.500	-1.282
45.525	-1.064
45.550	-0.358
45.575	-0.259
45.600	-0.668
45.625	-0.026
45.650	-0.019
45.675	0.446
45.700	0.291
45.725	-0.309
45.750	0.221
45.775	-0.090
45.800	-0.478
45.825	-0.760
45.850	-0.767
45.875	-0.104
45.900	-1.078
45.925	-0.344
45.950	-0.217
45.975	-0.076
46.000	0.101
46.025	-0.174
46.050	0.319
46.075	0.524
46.100	0.510
